302442.0223178838,4123677.6917642597,1.0665811248996981,0.00000000
302442.04647390667,4123677.7355419546,1.066581120625259,0.00000000
302442.07062992954,4123677.779319649,1.0665811237176615,0.00000000
302442.0947859525,4123677.823097344,1.0665811248405963,0.00000000
302442.11894197535,4123677.866875039,1.0665811196539892,0.00000000
302442.1430979983,4123677.9106527334,1.0665811265740428,0.00000000
302442.16725402104,4123677.9544304283,1.06658112982499,0.00000000
302442.1914100436,4123677.9982081233,1.0665811179665787,0.00000000
302442.2155660667,4123678.0419858177,1.0665811206797826,0.00000000
302442.2397220898,4123678.0857635126,1.0665811213825782,0.00000000
302442.2638781126,4123678.129541207,1.0665811247238421,0.00000000
302442.2880341355,4123678.173318902,1.0665811219859607,0.00000000
302442.3121901585,4123678.217096597,1.0665811175746274,0.00000000
302442.3363461816,4123678.2608742914,1.0665811154174307,0.00000000
302442.36050220474,4123678.304651986,1.0665811273305297,0.00000000
302442.38465822744,4123678.348429681,1.0665811308311295,0.00000000
302442.40881424997,4123678.3922073757,1.0665811281012147,0.00000000
302442.43297027267,4123678.4359850707,1.066581126996404,0.00000000
302442.4571262954,4123678.4797627656,1.0665811158885194,0.00000000
302442.4812823186,4123678.52354046,1.0665811153331253,0.00000000
302442.50543834176,4123678.5673181545,1.0665811166748504,0.00000000
302442.5295943651,4123678.6110958494,1.066581113435812,0.00000000
302442.5537503884,4123678.654873544,1.0665811132738603,0.00000000
302442.57790641167,4123678.6986512383,1.0665811233500915,0.00000000
302442.6020624346,4123678.7424289333,1.0665811205477786,0.00000000
302442.6262184575,4123678.7862066277,1.0665811068512538,0.00000000
302442.65037448116,4123678.829984322,1.0665811071347426,0.00000000
302442.6745305048,4123678.8737620167,1.0665811129588068,0.00000000
302442.6986865281,4123678.917539711,1.0665811171232698,0.00000000
302442.7228425511,4123678.9613174056,1.0665811264475067,0.00000000
302442.7469985739,4123679.0050951005,1.066581113924445,0.00000000
302442.77115459717,4123679.048872795,1.0665811094250321,0.00000000
302442.7953106207,4123679.0926504894,1.0665811024218568,0.00000000
302442.8194666446,4123679.136428184,1.0665810968289435,0.00000000
302442.8436226686,4123679.180205878,1.066581107601942,0.00000000
302442.86777869216,4123679.2239835723,1.066581108140592,0.00000000
302442.89193471574,4123679.267761267,1.06658110098814,0.00000000
302442.9160907395,4123679.311538961,1.066581106841587,0.00000000
302442.9402467631,4123679.3553166552,1.066581112944149,0.00000000
302442.9644027864,4123679.3990943497,1.0665811103443321,0.00000000
302442.98855880986,4123679.442872044,1.0665811063410815,0.00000000
302443.01271483355,4123679.4866497386,1.0665810979932198,0.00000000
302443.03687085747,4123679.5304274326,1.066581094670882,0.00000000
302443.06102688157,4123679.5742051266,1.0665811016841493,0.00000000
302443.0851829055,4123679.617982821,1.066581098728688,0.00000000
302443.10933892935,4123679.661760515,1.0665810898660808,0.00000000
302443.13349495374,4123679.705538209,1.0665810884546354,0.00000000
302443.1576509782,4123679.749315903,1.0665810903206931,0.00000000
302443.1818070025,4123679.793093597,1.066581090413996,0.00000000
302443.20596302685,4123679.836871291,1.0665810904186612,0.00000000
302443.2301190512,4123679.880648985,1.0665810904188944,0.00000000
302443.2542750755,4123679.924426679,1.0665810923555359,0.00000000
302443.2784310997,4123679.968204373,1.0665810924523678,0.00000000
302443.30258712394,4123680.011982067,1.0665810885839497,0.00000000
302443.3267431484,4123680.055759761,1.0665810932321036,0.00000000
302443.35089917254,4123680.099537455,1.066581096369456,0.00000000
302443.3750551965,4123680.143315149,1.0665810897481192,0.00000000
302443.3992112209,4123680.187092843,1.0665810793327228,0.00000000
302443.42336724565,4123680.2308705365,1.066581083086393,0.00000000
302443.4475232704,4123680.2746482305,1.0665810789996366,0.00000000
302443.4716792951,4123680.318425924,1.0665810927528878,0.00000003
302443.4958353193,4123680.362203618,1.0665810934405504,0.00000002
302443.51999134343,4123680.405981312,1.0665810837917844,0.00000003
302443.5441473682,4123680.449759006,1.0665810800032212,0.00000002
302443.56830339285,4123680.4935366996,1.0665810860248623,0.00000003
302443.5924594174,4123680.5373143936,1.0665810863259444,0.00000003
302443.616615442,4123680.5810920876,1.0665810820665589,0.00000002
302443.64077146654,4123680.624869781,1.0665810880646593,0.00000002
302443.664927491,4123680.668647475,1.0665810883645643,0.00000003
302443.68908351543,4123680.712425169,1.0665810864429295,0.00000003
302443.71323954,4123680.756202863,1.0665810801357785,0.00000002
302443.7373955647,4123680.7999805566,1.0665810850631756,0.00000002
302443.7615515893,4123680.8437582506,1.0665810800667908,0.00000002
302443.785707614,4123680.887535944,1.066581086028041,0.00000002
302443.80986363854,4123680.931313638,1.066581081083349,0.00000002
302443.83401966316,4123680.9750913316,1.0665810711529653,0.00000002
302443.85817568837,4123681.018869025,1.0665810716247608,0.00000002
302443.8823317135,4123681.0626467187,1.06658108173268,0.00000002
302443.9064877383,4123681.1064244127,1.0665810769953212,0.00000002
302443.93064376316,4123681.150202106,1.0665810767584534,0.00000002
302443.954799788,4123681.1939797997,1.0665810848943094,0.00000002
302443.97895581264,4123681.2377574937,1.066581087237732,0.00000002
302444.00311183714,4123681.2815351877,1.0665810772705737,0.00000002
302444.027267862,4123681.3253128813,1.0665810738672712,0.00000002
302444.051423887,4123681.369090575,1.066581071760476,0.00000002
302444.07557991217,4123681.4128682683,1.0665810726234513,0.00000002
302444.09973593726,4123681.456645962,1.06658107460323,0.00000002
302444.1238919622,4123681.5004236554,1.066581073733904,0.00000002
302444.14804798726,4123681.544201349,1.066581069817178,0.00000002
302444.1722040125,4123681.5879790424,1.0665810696213416,0.00000001
302444.1963600378,4123681.631756736,1.066581068643235,0.00000002
302444.2205160631,4123681.6755344295,1.0665810724675893,0.00000002
302444.2446720882,4123681.719312123,1.066581074595437,0.00000002
302444.26882811316,4123681.7630898166,1.06658106695531,0.00000001
302444.2929841386,4123681.80686751,1.0665810622988636,0.00000002
302444.317140164,4123681.850645203,1.066581069245426,0.00000002
302444.3412961893,4123681.8944228967,1.0665810676561243,0.00000002
302444.36545221467,4123681.93820059,1.0665810623339043,0.00000002
302444.3896082401,4123681.9819782833,1.0665810663422333,0.00000001
302444.41376426554,4123682.025755977,1.0665810622682097,0.00000002
302444.437920291,4123682.06953367,1.0665810653706338,0.00000002
302444.4620763165,4123682.1133113634,1.0665810593146852,0.00000001
302444.4862323421,4123682.1570890564,1.0665810652229575,0.00000001
302444.5103883676,4123682.20086675,1.0665810602756163,0.00000002
302444.53454439313,4123682.244644443,1.0665810584927997,0.00000001
302444.55870041903,4123682.2884221366,1.066581053160904,0.00000001
302444.582856445,4123682.3321998296,1.0665810519259944,0.00000001
302444.607012471,4123682.3759775227,1.0665810538008786,0.00000001
302444.6311684969,4123682.4197552158,1.0665810577678825,0.00000001
302444.6553245226,4123682.463532909,1.0665810589345475,0.00000001
302444.6794805482,4123682.507310602,1.066581061330691,0.00000001
302444.7036365739,4123682.5510882954,1.0665810552394284,0.00000000
302444.72779259976,4123682.5948659885,1.0665810458188507,0.00000001
302444.7519486259,4123682.638643681,1.0665810505905768,0.00000001
302444.776104652,4123682.682421374,1.0665810537341078,0.00000000
302444.8002606779,4123682.726199067,1.0665810538912843,0.00000000
302444.8244167038,4123682.7699767603,1.066581058173583,0.00000000
302444.8485727297,4123682.813754454,1.0665810449972437,0.00000000
302444.8727287559,4123682.8575321464,1.0665810466762367,0.00000000
302444.8968847822,4123682.9013098394,1.0665810506334463,0.00000001
302444.92104080826,4123682.9450875325,1.0665810537362512,0.00000000
302444.94519683416,4123682.9888652256,1.066581050018132,0.00000000
302444.9693528603,4123683.0326429186,1.066581045557786,0.00000000
302444.99350888643,4123683.0764206112,1.0665810606618529,0.00000000
302445.01766491216,4123683.1201983048,1.066581059079246,0.00000000
302445.04182093777,4123683.163975998,1.0665810531902262,0.00000000
302445.0659769637,4123683.207753691,1.0665810509591458,0.00000000
302445.0901329898,4123683.251531384,1.0665810547208512,0.00000001
302445.11428901565,4123683.295309077,1.0665810539406215,0.00000000
302445.13844504155,4123683.33908677,1.0665810639859394,0.00000000
302445.1626010671,4123683.3828644636,1.0665810611820803,0.00000000
302445.1867570926,4123683.4266421567,1.0665810720945315,0.00000000
302445.2109131177,4123683.47041985,1.066581073608469,0.00000000
302445.2350691427,4123683.5141975437,1.066581062064387,0.00000000
302445.25922516844,4123683.5579752373,1.0665810562444282,0.00000000
302445.2833811942,4123683.6017529303,1.0665810559534303,0.00000000
302445.30753722,4123683.6455306234,1.0665810549705654,0.00000000
302445.33169324585,4123683.6893083164,1.066581054921422,0.00000000
302445.3558492717,4123683.7330860095,1.06658105588728,0.00000000
302445.3800052975,4123683.7768637026,1.0665810689248467,0.00000000
302445.40416132275,4123683.820641396,1.0665810686084103,0.00000000
302445.42831734807,4123683.8644190896,1.066581059476574,0.00000000
302445.4524733737,4123683.9081967827,1.066581063294422,0.00000001
302445.4766293993,4123683.951974476,1.0665810592108744,0.00000000
302445.5007854249,4123683.9957521693,1.066581064249452,0.00000001
302445.52494145045,4123684.039529863,1.066581060226941,0.00000000
302445.549097476,4123684.083307556,1.0665810643002553,0.00000001
302445.57325350156,4123684.1270852494,1.0665810582928514,0.00000000
302445.5974095272,4123684.1708629425,1.066581065171866,0.00000000
302445.6215655527,4123684.214640636,1.0665810641463214,0.00000001
302445.64572157804,4123684.258418329,1.0665810654645393,0.00000000
302445.66987760353,4123684.3021960226,1.0665810593193803,0.00000000
302445.69403362914,4123684.3459737157,1.066581067159822,0.00000001
302445.7181896545,4123684.389751409,1.0665810714251036,0.00000000
302445.74234567967,4123684.4335291027,1.0665810735749977,0.00000000
302445.7665017047,4123684.4773067962,1.0665810727141773,0.00000001
302445.7906577298,4123684.5210844898,1.0665810596818623,0.00000001
302445.8148137554,4123684.564862183,1.0665810603997417,0.00000001
302445.8389697812,4123684.6086398764,1.0665810710870995,0.00000000
302445.8631258063,4123684.65241757,1.0665810725897824,0.00000000
302445.8872818314,4123684.6961952634,1.0665810736332315,0.00000000
302445.91143785644,4123684.739972957,1.066581071748774,0.00000000
302445.9355938816,4123684.7837506505,1.0665810635068518,0.00000000
302445.95974990696,4123684.8275283435,1.0665810673691956,0.00000000
302445.98390593234,4123684.871306037,1.0665810714355723,0.00000001
302446.0080619575,4123684.9150837306,1.0665810706705763,0.00000000
302446.0322179827,4123684.958861424,1.066581067727382,0.00000000
302446.05637400807,4123685.0026391177,1.0665810652424121,0.00000001
302446.08053003333,4123685.0464168107,1.0665810703609184,0.00000001
302446.10468605853,4123685.0901945042,1.0665810787645431,0.00000001
302446.1288420835,4123685.1339721982,1.0665810768469144,0.00000000
302446.15299810836,4123685.1777498918,1.066581059888499,0.00000000
302446.17715413397,4123685.221527585,1.066581055167319,0.00000000
302446.2013101598,4123685.265305278,1.0665810789731778,0.00000000
302446.2254661847,4123685.309082972,1.0665810758890313,0.00000001
302446.24962220964,4123685.3528606654,1.066581075734824,0.00000000
302446.27377823455,4123685.396638359,1.0665810728221687,0.00000000
302446.29793425964,4123685.4404160525,1.0665810639617017,0.00000000
302446.32209028525,4123685.484193746,1.0665810631174981,0.00000000
302446.3462463106,4123685.527971439,1.0665810750962474,0.00000000
302446.37040233554,4123685.5717491326,1.06658107085361,0.00000000
302446.39455836074,4123685.615526826,1.0665810638632738,0.00000000
302446.41871438635,4123685.6593045196,1.0665810693236464,0.00000000
302446.4428704116,4123685.703082213,1.0665810734699248,0.00000001
302446.46702643664,4123685.7468599067,1.0665810635929094,0.00000000
302446.491182462,4123685.7906376,1.0665810664051836,0.00000000
302446.51533848746,4123685.8344152933,1.0665810733240018,0.00000001
302446.5394945125,4123685.878192987,1.0665810746382576,0.00000000
302446.56365053746,4123685.9219706804,1.0665810640525062,0.00000000
302446.58780656307,4123685.965748374,1.0665810602170938,0.00000000
302446.6119625886,4123686.009526067,1.0665810701096525,0.00000000
302446.6361186138,4123686.0533037605,1.0665810696359654,0.00000000
302446.6602746391,4123686.097081454,1.066581069612281,0.00000001
302446.68443066435,4123686.1408591475,1.0665810696110969,0.00000001
302446.7085866896,4123686.184636841,1.066581065336598,0.00000001
302446.73274271487,4123686.228414534,1.0665810703656275,0.00000000
302446.7568987401,4123686.2721922277,1.066581070617079,0.00000000
302446.7810547653,4123686.315969921,1.066581066756392,0.00000000
302446.8052107907,4123686.3597476147,1.066581060352288,0.00000001
302446.82936681627,4123686.403525308,1.066581074957987,0.00000001
302446.8535228412,4123686.4473030013,1.0665810708466972,0.00000001
302446.8776788664,4123686.491080695,1.0665810499053392,0.00000001
302446.9018348926,4123686.534858388,1.0665810566047906,0.00000001
302446.9259909183,4123686.578636081,1.0665810829183113,0.00000000
302446.950146943,4123686.622413775,1.0665810702763983,0.00000001
302446.97430296824,4123686.6661914685,1.0665810585916586,0.00000001
302446.9984589939,4123686.7099691615,1.0665810570391066,0.00000002
302447.02261501964,4123686.7537468546,1.066581060267604,0.00000000
302447.0467710454,4123686.797524548,1.0665810590595335,0.00000001
302447.07092707104,4123686.841302241,1.06658105899913,0.00000001
302447.09508309665,4123686.8850799343,1.06658106327055,0.00000001
302447.11923912226,4123686.928857628,1.0665810582413662,0.00000000
302447.1433951479,4123686.972635321,1.0665810642009765,0.00000001
302447.1675511735,4123687.0164130144,1.0665810602245172,0.00000001
302447.19170719903,4123687.0601907074,1.066581064300134,0.00000000
302447.2158632246,4123687.103968401,1.066581062166105,0.00000001
302447.24001925,4123687.147746094,1.0665810673021583,0.00000001
302447.2641752754,4123687.1915237876,1.066581062316206,0.00000001
302447.28833130084,4123687.2353014806,1.0665810653730337,0.00000002
302447.31248732633,4123687.279079174,1.066581059314805,0.00000001
302447.33664335194,4123687.322856867,1.0665810623180187,0.00000001
302447.3607993776,4123687.3666345607,1.066581053352165,0.00000001
302447.38495540357,4123687.410412254,1.0665810538721872,0.00000001
302447.4091114295,4123687.454189947,1.0665810558348183,0.00000001
302447.43326745526,4123687.49796764,1.0665810539963199,0.00000002
302447.45742348116,4123687.541745333,1.06658105293608,0.00000002
302447.4815795071,4123687.585523026,1.066581052883068,0.00000001
302447.5057355331,4123687.629300719,1.0665810538487324,0.00000001
302447.529891559,4123687.673078412,1.0665810620447151,0.00000001
302447.55404758465,4123687.7168561057,1.066581059148389,0.00000001
302447.57820361026,4123687.760633799,1.066581059003573,0.00000001
302447.6023596359,4123687.804411492,1.0665810593975125,0.00000001
302447.6265156617,4123687.8481891854,1.0665810479633848,0.00000001
302447.65067168773,4123687.891966878,1.066581059813818,0.00000001
302447.6748277135,4123687.9357445715,1.0665810580685295,0.00000001
302447.6989837392,4123687.9795222646,1.0665810541080054,0.00000001
302447.7231397651,4123688.0232999576,1.0665810529416642,0.00000001
302447.74729579105,4123688.0670776507,1.0665810528833473,0.00000001
302447.771451817,4123688.1108553438,1.0665810519121166,0.00000001
302447.795607843,4123688.154633037,1.0665810508952402,0.00000000
302447.8197638691,4123688.19841073,1.0665810498760815,0.00000002
302447.84391989524,4123688.242188423,1.0665810436140537,0.00000001
302447.8680759215,4123688.2859661155,1.066581047575392,0.00000001
302447.89223194774,4123688.3297438086,1.066581046805144,0.00000001
302447.91638797405,4123688.3735215017,1.066581039587247,0.00000001
302447.94054400054,4123688.4172991943,1.0665810473740518,0.00000001
302447.9647000268,4123688.4610768873,1.0665810526049666,0.00000001
302447.98885605275,4123688.5048545804,1.0665810427821831,0.00000001
302448.01301207906,4123688.548632273,1.0665810446288542,0.00000001
302448.0371681055,4123688.592409966,1.066581046256637,0.00000001
302448.06132413156,4123688.6361876586,1.066581051580781,0.00000000
302448.0854801576,4123688.6799653517,1.0665810340161397,0.00000000
302448.1096361844,4123688.7237430443,1.0665810412856072,0.00000001
302448.133792211,4123688.7675207374,1.0665810422162152,0.00000000
302448.1579482373,4123688.81129843,1.0665810475055002,0.00000001
302448.1821042636,4123688.855076123,1.0665810425272098,0.00000000
302448.2062602899,4123688.8988538156,1.06658104752105,0.00000000
302448.23041631613,4123688.9426315087,1.066581047770742,0.00000000
302448.2545723424,4123688.9864092018,1.0665810415721568,0.00000001
302448.27872836875,4123689.0301868943,1.0665810455366678,0.00000001
302448.3028843951,4123689.0739645874,1.066581043397083,0.00000001
302448.32704042137,4123689.11774228,1.0665810475645436,0.00000001
302448.3511964476,4123689.161519973,1.066581040593532,0.00000001
302448.37535247405,4123689.2052976657,1.066581047424366,0.00000000
302448.3995085003,4123689.2490753587,1.0665810477659077,0.00000000
302448.42366452655,4123689.292853052,1.0665810347937108,0.00000001
302448.4478205533,4123689.3366307444,1.066581036081731,0.00000000
302448.47197658,4123689.380408437,1.066581047198776,0.00000000
302448.49613260623,4123689.42418613,1.0665810525962027,0.00000001
302448.5202886322,4123689.467963823,1.0665810557710191,0.00000001
302448.544444658,4123689.511741516,1.0665810410038559,0.00000000
302448.5686006844,4123689.555519209,1.0665810344556081,0.00000000
302448.5927567112,4123689.5992969014,1.0665810509907296,0.00000000
302448.6169127372,4123689.6430745944,1.0665810508491709,0.00000000
302448.6410687633,4123689.6868522875,1.0665810378528187,0.00000000
302448.6652247899,4123689.73062998,1.066581045350701,0.00000000
302448.68938081624,4123689.774407673,1.0665810505671696,0.00000000
302448.7135368423,4123689.818185366,1.066581044616923,0.00000001
302448.7376928685,4123689.861963059,1.0665810476255355,0.00000001
302448.76184889476,4123689.905740752,1.0665810506809112,0.00000000
302448.78600492084,4123689.949518445,1.06658105083368,0.00000000
302448.8101609469,4123689.993296138,1.0665810518096333,0.00000000
302448.83431697293,4123690.037073831,1.0665810446790462,0.00000001
302448.8584729991,4123690.0808515237,1.0665810418187525,0.00000000
302448.8826290257,4123690.1246292167,1.0665810412745573,0.00000000
302448.9067850521,4123690.1684069093,1.066581052299992,0.00000000
302448.93094107806,4123690.2121846024,1.0665810460730596,0.00000001
302448.9550971044,4123690.2559622955,1.066581037614013,0.00000000
302448.979253131,4123690.299739988,1.0665810391276904,0.00000000
302449.0034091575,4123690.3435176807,1.0665810444461294,0.00000000
302449.02756518393,4123690.3872953737,1.0665810414059262,0.00000000
302449.0517212103,4123690.4310730663,1.0665810464966707,0.00000000
302449.0758772366,4123690.4748507594,1.066581048687838,0.00000000
302449.1000332628,4123690.5186284524,1.066581038713067,0.00000001
302449.12418928934,4123690.562406145,1.0665810343410687,0.00000000
302449.1483453161,4123690.6061838376,1.0665810389640433,0.00000001
302449.1725013426,4123690.64996153,1.066581044437947,0.00000000
302449.19665736903,4123690.6937392233,1.066581044310462,0.00000000
302449.2208133952,4123690.737516916,1.0665810485785276,0.00000000
302449.2449694214,4123690.781294609,1.0665810458869864,0.00000000
302449.2691254478,4123690.825072302,1.0665810505939837,0.00000001
302449.29328147386,4123690.868849995,1.0665810576075379,0.00000000
302449.3174374995,4123690.912627688,1.0665810511800113,0.00000000
302449.3415935256,4123690.956405381,1.0665810417426205,0.00000000
302449.365749552,4123691.000183074,1.066581054260025,0.00000001
302449.3899055778,4123691.043960767,1.066581059160335,0.00000000
302449.41406160366,4123691.0877384604,1.066581039236692,0.00000001
302449.4382176302,4123691.131516153,1.0665810392088244,0.00000000
302449.4623736567,4123691.1752938456,1.0665810492917607,0.00000001
302449.4865296828,4123691.2190715387,1.0665810507642224,0.00000001
302449.5106857089,4123691.2628492317,1.0665810508378455,0.00000000
302449.534841735,4123691.306626925,1.0665810498732118,0.00000001
302449.5589977611,4123691.350404618,1.0665810455505398,0.00000000
302449.58315378724,4123691.3941823104,1.0665810606614905,0.00000000
302449.607309813,4123691.437960004,1.0665810581109132,0.00000000
302449.63146583864,4123691.481737697,1.066581060888329,0.00000000
302449.65562186413,4123691.52551539,1.0665810594917502,0.00000000
302449.67977789,4123691.5692930836,1.0665810431265224,0.00000000
302449.7039339163,4123691.613070776,1.06658105239259,0.00000001
302449.72808994225,4123691.6568484693,1.0665810547925234,0.00000001
302449.7522459681,4123691.7006261623,1.0665810510392606,0.00000001
302449.77640199417,4123691.7444038554,1.0665810489149674,0.00000000
302449.80055802036,4123691.7881815485,1.066581032914534,0.00000000
302449.82471404725,4123691.831959241,1.0665810350194571,0.00000000
302449.84887007397,4123691.8757369337,1.0665810529555517,0.00000000
302449.8730260999,4123691.9195146267,1.0665810470741521,0.00000000
302449.8971821262,4123691.96329232,1.066581034759123,0.00000000
302449.92133815296,4123692.0070700124,1.0665810370483162,0.00000000
302449.94549417956,4123692.050847705,1.0665810420043507,0.00000001
302449.96965020587,4123692.0946253976,1.0665810426533324,0.00000001
302449.9938062324,4123692.1384030906,1.066581036474712,0.00000001
302450.01796225907,4123692.1821807832,1.0665810381024108,0.00000000
302450.0421182856,4123692.225958476,1.0665810424582356,0.00000000
302450.06627431215,4123692.269736169,1.0665810442114763,0.00000000
302450.09043033834,4123692.3135138615,1.0665810476052633,0.00000000
302450.1145863646,4123692.3572915546,1.0665810357539935,0.00000000
302450.1387423913,4123692.401069247,1.066581036129745,0.00000000
302450.16289841797,4123692.4448469398,1.0665810371168474,0.00000001
302450.18705444457,4123692.4886246324,1.066581039504013,0.00000000
302450.2112104713,4123692.5324023254,1.066581029137861,0.00000000
302450.2353664981,4123692.5761800176,1.0665810328939938,0.00000000
302450.25952252495,4123692.61995771,1.0665810321134852,0.00000001
302450.28367855184,4123692.6637354027,1.0665810431271043,0.00000001
302450.3078345783,4123692.707513096,1.066581041339975,0.00000000
302450.3319906047,4123692.7512907884,1.0665810373773588,0.00000000
302450.3561466313,4123692.795068481,1.066581040485353,0.00000000
302450.38030265796,4123692.838846174,1.0665810272502985,0.00000001
302450.4044586849,4123692.882623866,1.0665810318313005,0.00000001
302450.4286147118,4123692.926401559,1.06658104408131,0.00000000
302450.4527707382,4123692.970179252,1.0665810375144256,0.00000000
302450.4769267648,4123693.0139569445,1.0665810342811366,0.00000000
302450.5010827916,4123693.057734637,1.0665810331511574,0.00000001
302450.52523881843,4123693.1015123297,1.0665810330946586,0.00000001
302450.54939484526,4123693.1452900223,1.0665810470494224,0.00000001
302450.5735508715,4123693.1890677153,1.0665810463776655,0.00000000
302450.5977068976,4123693.232845408,1.0665810409353684,0.00000001
302450.62186292425,4123693.276623101,1.0665810354204988,0.00000000
302450.64601895097,4123693.3204007936,1.0665810399863298,0.00000000
302450.6701749774,4123693.364178486,1.066581036341362,0.00000000
302450.69433100405,4123693.4079561788,1.066581030349224,0.00000000
302450.71848703106,4123693.4517338714,1.0665810329545617,0.00000000
302450.7426430579,4123693.495511564,1.0665810340531434,0.00000000
302450.76679908467,4123693.5392892566,1.0665810432240872,0.00000000
302450.79095511115,4123693.5830669496,1.0665810413448242,0.00000000
302450.8151111375,4123693.626844642,1.066581039314231,0.00000000
302450.839267164,4123693.670622335,1.0665810425188265,0.00000000
302450.86342319055,4123693.714400028,1.0665810384046164,0.00000000
302450.8875792171,4123693.7581777205,1.0665810401355356,0.00000000
302450.9117352435,4123693.801955413,1.0665810483697813,0.00000001
302450.9358912697,4123693.845733106,1.0665810377288492,0.00000000
302450.9600472963,4123693.8895107987,1.0665810304185983,0.00000001
302450.9842033233,4123693.9332884913,1.0665810358629753,0.00000000
302451.00835935,4123693.977066184,1.066581041377949,0.00000000
302451.0325153766,4123694.020843877,1.0665810383475725,0.00000000
302451.0566714031,4123694.0646215696,1.0665810372277387,0.00000000
302451.0808274297,4123694.108399262,1.0665810453194469,0.00000001
302451.1049834561,4123694.1521769552,1.0665810414495922,0.00000000
302451.12913948245,4123694.195954648,1.0665810513404288,0.00000000
302451.15329550847,4123694.239732341,1.0665810469933958,0.00000000
302451.1774515348,4123694.283510034,1.0665810347550853,0.00000000
302451.20160756155,4123694.3272877266,1.0665810341431696,0.00000000
302451.2257635883,4123694.371065419,1.0665810341125739,0.00000000
302451.2499196151,4123694.4148431118,1.066581036047674,0.00000000
302451.27407564176,4123694.4586208044,1.0665810380810588,0.00000001
302451.2982316683,4123694.502398497,1.066581045362113,0.00000001
302451.3223876947,4123694.54617619,1.0665810414517254,0.00000000
302451.34654372104,4123694.5899538826,1.06658105424548,0.00000000
302451.3706997469,4123694.6337315757,1.0665810591596079,0.00000000
302451.3948557727,4123694.677509269,1.0665810223741217,0.00000000
302451.4190118,4123694.7212869613,1.0665810224714773,0.00000000
302451.4431678272,4123694.7650646535,1.066581040708374,0.00000000
302451.4673238538,4123694.8088423465,1.0665810373457787,0.00000000
302451.4914798804,4123694.852620039,1.066581037177649,0.00000000
302451.515635907,4123694.8963977317,1.066581033295983,0.00000000
302451.53979193384,4123694.9401754243,1.0665810272920102,0.00000000
302451.563947961,4123694.983953117,1.0665810347383309,0.00000000
302451.58810398774,4123695.0277308095,1.066581048099921,0.00000000
302451.61226001394,4123695.0715085026,1.066581039651986,0.00000000
302451.6364160404,4123695.115286195,1.0665810363246446,0.00000001
302451.6605720671,4123695.159063888,1.066581039063222,0.00000000
302451.68472809356,4123695.2028415804,1.066581044442906,0.00000000
302451.70888412,4123695.2466192734,1.06658104043745,0.00000000
302451.7330401464,4123695.290396966,1.0665810445116175,0.00000000
302451.75719617284,4123695.334174659,1.0665810404408858,0.00000000
302451.78135219926,4123695.3779523517,1.0665810474167337,0.00000000
302451.8055082255,4123695.4217300448,1.0665810555120456,0.00000000
302451.8296642513,4123695.465507738,1.0665810491386067,0.00000000
302451.8538202775,4123695.509285431,1.0665810367989756,0.00000000
302451.87797630415,4123695.5530631235,1.0665810381186238,0.00000000
302451.9021323307,4123695.596840816,1.0665810434273613,0.00000000
302451.9262883572,4123695.640618509,1.0665810413549879,0.00000000
302451.95044438355,4123695.6843962017,1.0665810445574944,0.00000001
302451.97460041,4123695.728173895,1.0665810385065497,0.00000000
302451.9987564365,4123695.7719515874,1.0665810372356876,0.00000000
302452.0229124631,4123695.81572928,1.0665810342671997,0.00000000
302452.0470684899,4123695.8595069726,1.0665810360554053,0.00000001
302452.07122451655,4123695.903284665,1.0665810452608302,0.00000000
302452.0953805429,4123695.9470623583,1.0665810414466612,0.00000001
302452.1195365693,4123695.990840051,1.066581045530393,0.00000000
302452.14369259565,4123696.034617744,1.0665810385551948,0.00000000
302452.1678486222,4123696.0783954365,1.0665810362698052,0.00000000
302452.19200464885,4123696.122173129,1.0665810472081798,0.00000001
302452.2161606751,4123696.165950822,1.0665810496917285,0.00000000
302452.24031670124,4123696.2097285152,1.0665810377949465,0.00000000
302452.26447272784,4123696.253506208,1.0665810372001074,0.00000000
302452.28862875444,4123696.2972839004,1.0665810424131204,0.00000000
302452.312784781,4123696.3410615935,1.066581038399331,0.00000000
302452.3369408075,4123696.384839286,1.0665810381986416,0.00000000
302452.36109683407,4123696.4286169787,1.0665810463363066,0.00000000
302452.3852528604,4123696.4723946718,1.0665810496481347,0.00000000
302452.4094088865,4123696.516172365,1.0665810426343416,0.00000001
302452.4335649128,4123696.5599500574,1.066581045589777,0.00000001
302452.4577209392,4123696.6037277505,1.0665810433997385,0.00000001
302452.48187696544,4123696.647505443,1.0665810465963614,0.00000000
302452.50603299175,4123696.691283136,1.066581038608493,0.00000000
302452.5301890183,4123696.7350608287,1.066581046356799,0.00000001
302452.5543450446,4123696.778838522,1.0665810515857892,0.00000000
302452.5785010706,4123696.822616215,1.0665810518472387,0.00000000
302452.60265709664,4123696.866393908,1.066581053796941,0.00000000
302452.62681312254,4123696.910171601,1.066581041873467,0.00000000
302452.6509691489,4123696.9539492936,1.0665810445834183,0.00000000
302452.67512517533,4123696.9977269867,1.0665810433494205,0.00000000
302452.6992812016,4123697.0415046792,1.0665810465938454,0.00000000
302452.7234372279,4123697.0852823723,1.0665810366717376,0.00000000
302452.74759325455,4123697.129060065,1.0665810452916469,0.00000001
302452.7717492809,4123697.172837758,1.0665810544374763,0.00000001
302452.79590530676,4123697.216615451,1.0665810510215081,0.00000000
302452.82006133284,4123697.260393144,1.0665810427030102,0.00000000
302452.84421735915,4123697.3041708367,1.0665810426882656,0.00000000
302452.8683733857,4123697.3479485298,1.0665810374447733,0.00000000
302452.8925294123,4123697.3917262224,1.0665810429924882,0.00000000
302452.91668543854,4123697.435503915,1.0665810485126288,0.00000000
302452.94084146473,4123697.479281608,1.0665810478203208,0.00000000
302452.964997491,4123697.523059301,1.0665810487540206,0.00000001
302452.9891535172,4123697.566836994,1.0665810454945803,0.00000000
302453.0133095433,4123697.6106146867,1.066581044764474,0.00000001
302453.03746556974,4123697.65439238,1.0665810375485838,0.00000000
302453.06162159634,4123697.6981700724,1.0665810492087486,0.00000000
302453.0857776225,4123697.7419477655,1.066581050760072,0.00000000
302453.10993364855,4123697.7857254585,1.0665810436582532,0.00000000
302453.1340896748,4123697.829503151,1.066581046609287,0.00000001
302453.1582457011,4123697.873280844,1.0665810386091394,0.00000000
302453.18240172765,4123697.917058537,1.066581044420202,0.00000001
302453.2065577541,4123697.96083623,1.06658104140463,0.00000000
302453.23071378045,4123698.0046139224,1.0665810344756468,0.00000000
302453.2548698072,4123698.048391615,1.0665810341291977,0.00000000
302453.279025834,4123698.0921693076,1.0665810360485053,0.00000001
302453.30318186065,4123698.1359470002,1.0665810413872254,0.00000000
302453.32733788725,4123698.1797246933,1.066581039316351,0.00000000
302453.35149391374,4123698.223502386,1.0665810454238775,0.00000000
302453.3756499401,4123698.267280079,1.0665810433914433,0.00000000
302453.39980596636,4123698.3110577716,1.0665810277967833,0.00000001
302453.42396199354,4123698.354835464,1.0665810318586249,0.00000000
302453.44811802043,4123698.3986131568,1.0665810456181255,0.00000000
302453.4722740465,4123698.4423908493,1.0665810389607617,0.00000000
302453.4964300733,4123698.4861685424,1.0665810194275496,0.00000000
302453.5205861007,4123698.5299462345,1.0665810242607783,0.00000000
302453.54474212776,4123698.5737239267,1.0665810297451948,0.00000001
302453.5688981548,4123698.6175016193,1.0665810338926751,0.00000000
302453.59305418155,4123698.661279312,1.066581037004994,0.00000000
302453.61721020815,4123698.7050570045,1.0665810443399946,0.00000000
302453.6413662346,4123698.7488346975,1.0665810365590451,0.00000000
302453.66552226123,4123698.79261239,1.066581032296738,0.00000000
302453.6896782881,4123698.8363900827,1.0665810398301416,0.00000000
302453.71383431455,4123698.8801677753,1.066581044481252,0.00000000
302453.737990341,4123698.9239454684,1.066581019703574,0.00000000
302453.7621463684,4123698.9677231605,1.0665810275807048,0.00000000
302453.7863023955,4123699.011500853,1.0665810376577103,0.00000000
302453.81045842206,4123699.0552785457,1.06658104824589,0.00000000
302453.83461444825,4123699.099056239,1.0665810536168734,0.00000000
302453.85877047415,4123699.142833932,1.0665810399278335,0.00000000
302453.88292650064,4123699.1866116244,1.066581035370122,0.00000000
302453.90708252735,4123699.230389317,1.0665810403849914,0.00000000
302453.931238554,4123699.27416701,1.0665810363612949,0.00000000
302453.95539458067,4123699.3179447027,1.0665810439066292,0.00000001
302453.97955060686,4123699.3617223953,1.0665810456533915,0.00000000
302454.00370663323,4123699.4055000884,1.0665810366247148,0.00000001
302454.0278626599,4123699.449277781,1.0665810371415958,0.00000001
302454.0520186865,4123699.4930554735,1.0665810433785097,0.00000000
302454.076174713,4123699.5368331666,1.0665810336060262,0.00000000
302454.1003307398,4123699.580610859,1.066581032149087,0.00000000
302454.1244867667,4123699.624388552,1.0665810239285403,0.00000001
302454.1486427938,4123699.668166244,1.0665810287602682,0.00000000
302454.1727988209,4123699.7119439365,1.066581031906799,0.00000000
302454.1969548478,4123699.755721629,1.0665810330324406,0.00000001
302454.2211108746,4123699.7994993217,1.0665810369619821,0.00000001
302454.2452669012,4123699.8432770143,1.0665810342535145,0.00000000
302454.269422928,4123699.887054707,1.0665810292765168,0.00000000
302454.29357895505,4123699.9308323995,1.0665810329009264,0.00000000
302454.3177349819,4123699.974610092,1.0665810350187768,0.00000000
302454.3418910086,4123700.0183877847,1.0665810481139433,0.00000000
302454.3660470348,4123700.062165478,1.0665810473992063,0.00000000
302454.3902030608,4123700.1059431704,1.0665810309021162,0.00000000
302454.4143590878,4123700.149720863,1.0665810300772618,0.00000000
302454.43851511483,4123700.1934985556,1.0665810358459085,0.00000000
302454.4626711415,4123700.237276248,1.0665810361343409,0.00000000
302454.48682716815,4123700.2810539408,1.066581042359832,0.00000000
302454.5109831947,4123700.324831634,1.0665810374283518,0.00000000
302454.5351392213,4123700.3686093264,1.066581034276833,0.00000000
302454.55929524807,4123700.412387019,1.066581036055887,0.00000001
302454.5834512747,4123700.4561647116,1.066581039049784,0.00000001
302454.6076073012,4123700.499942404,1.0665810425056041,0.00000000
302454.63176332775,4123700.5437200973,1.0665810374356404,0.00000001
302454.65591935435,4123700.58749779,1.066581037182142,0.00000000
302454.68007538095,4123700.6312754825,1.0665810381377823,0.00000000
302454.7042314075,4123700.675053175,1.0665810294707303,0.00000000
302454.72838743456,4123700.7188308677,1.0665810290373776,0.00000001
302454.7525434616,4123700.7626085603,1.0665810348255993,0.00000000
302454.77669948834,4123700.806386253,1.0665810360833252,0.00000000
302454.800855515,4123700.8501639455,1.0665810380828413,0.00000000
302454.82501154154,4123700.893941638,1.0665810405206273,0.00000000
302454.8491675682,4123700.937719331,1.066581033463132,0.00000000
302454.87332359503,4123700.9814970237,1.0665810369835167,0.00000001
302454.89747962164,4123701.0252747163,1.0665810390961656,0.00000000
302454.9216356481,4123701.069052409,1.0665810353285385,0.00000000
302454.94579167484,4123701.1128301015,1.0665810332035275,0.00000001
302454.96994770167,4123701.156607794,1.0665810528647552,0.00000001
302454.9941037276,4123701.200385487,1.0665810548161316,0.00000001
302455.0182597534,4123701.2441631802,1.066581048135496,0.00000000
302455.04241577967,4123701.2879408733,1.0665810448965198,0.00000001
302455.0665718061,4123701.3317185664,1.0665810235975972,0.00000000
302455.0907278333,4123701.3754962585,1.066581028743721,0.00000000
302455.11488386034,4123701.419273951,1.0665810319059716,0.00000000
302455.13903988723,4123701.4630516437,1.0665810330323993,0.00000000
302455.16319591406,4123701.5068293363,1.0665810330887207,0.00000001
302455.1873519409,4123701.550607029,1.0665810369647961,0.00000001
302455.2115079675,4123701.5943847215,1.0665810390952297,0.00000001
302455.235663994,4123701.638162414,1.0665810454128215,0.00000000
302455.25982002035,4123701.681940107,1.066581042422576,0.00000001
302455.28397604666,4123701.7257177997,1.0665810494524481,0.00000000
302455.3081320728,4123701.769495493,1.066581047867312,0.00000000
302455.33228809905,4123701.813273186,1.0665810425453004,0.00000000
302455.35644412535,4123701.8570508785,1.06658104268038,0.00000000
302455.3806001519,4123701.9008285715,1.0665810355077494,0.00000000
302455.4047561786,4123701.944606264,1.0665810361174328,0.00000001
302455.4289122053,4123701.9883839567,1.0665810390528614,0.00000000
302455.45306823176,4123702.0321616493,1.0665810473473325,0.00000001
302455.477224258,4123702.0759393424,1.066581049698686,0.00000001
302455.50138028414,4123702.1197170354,1.0665810407002392,0.00000000
302455.52553631057,4123702.163494728,1.066581043556442,0.00000001
302455.54969233705,4123702.207272421,1.0665810283721677,0.00000000
302455.57384836394,4123702.2510501132,1.0665810338240238,0.00000001
302455.5980043907,4123702.294827806,1.0665810403076865,0.00000000
302455.6221604174,4123702.338605499,1.0665810382940595,0.00000000
302455.6463164439,4123702.3823831915,1.0665810391616928,0.00000001
302455.6704724704,4123702.426160884,1.066581041542885,0.00000001
302455.694628497,4123702.469938577,1.0665810373875044,0.00000000
302455.7187845236,4123702.5137162698,1.0665810371797353,0.00000000
302455.7429405502,4123702.5574939623,1.0665810400742917,0.00000000
302455.76709657663,4123702.601271655,1.066581050303349,0.00000000
302455.7912526027,4123702.645049348,1.066581050814802,0.00000000
302455.8154086288,4123702.688827041,1.0665810489037446,0.00000000
302455.839564655,4123702.732604734,1.0665810478398767,0.00000000
302455.8637206812,4123702.776382427,1.0665810435122434,0.00000000
302455.8878767075,4123702.82016012,1.0665810475703017,0.00000001
302455.91203273373,4123702.863937813,1.0665810405938199,0.00000001
302455.93618876016,4123702.9077155055,1.0665810354034213,0.00000000
302455.9603447869,4123702.951493198,1.066581045228231,0.00000000
302455.98450081324,4123702.995270891,1.066581048624416,0.00000001
302456.00865683943,4123703.039048584,1.0665810367732662,0.00000001
302456.0328128661,4123703.082826277,1.0665810381173384,0.00000001
302456.05696889263,4123703.1266039694,1.0665810453639268,0.00000000
302456.081124919,4123703.1703816624,1.0665810525044603,0.00000001
302456.10528094496,4123703.2141593555,1.0665810567347467,0.00000000
302456.1294369707,4123703.2579370486,1.066581056946261,0.00000000
302456.1535929964,4123703.3017147416,1.066581055020207,0.00000000
302456.17774902226,4123703.3454924347,1.0665810471773849,0.00000001
302456.20190504857,4123703.3892701278,1.0665810467852437,0.00000000
302456.2260610749,4123703.433047821,1.066581042491197,0.00000000
302456.2502171012,4123703.4768255134,1.0665810504241944,0.00000001
302456.27437312726,4123703.5206032065,1.066581051789159,0.00000001
302456.2985291533,4123703.5643808995,1.0665810499207773,0.00000000
302456.3226851794,4123703.6081585926,1.0665810507956732,0.00000000
302456.3468412055,4123703.6519362857,1.0665810475332929,0.00000000
302456.3709972315,4123703.6957139783,1.0665810578556836,0.00000000
302456.3951532574,4123703.739491672,1.066581056033993,0.00000000
302456.4193092832,4123703.783269365,1.0665810530379636,0.00000001
302456.44346530916,4123703.827047058,1.066581052888162,0.00000001
302456.4676213351,4123703.870824751,1.0665810499757276,0.00000000
302456.49177736125,4123703.914602444,1.066581043619036,0.00000001
302456.5159333875,4123703.9583801366,1.0665810446706967,0.00000000
302456.54008941393,4123704.0021578297,1.0665810505331692,0.00000001
302456.56424544,4123704.0459355228,1.0665810546995524,0.00000001
302456.58840146585,4123704.089713216,1.066581045791857,0.00000001
302456.612557492,4123704.1334909084,1.0665810486525973,0.00000000
302456.6367135182,4123704.1772686015,1.0665810487956344,0.00000001
302456.6608695444,4123704.2210462946,1.066581051707731,0.00000000
302456.6850255704,4123704.2648239876,1.066581057663225,0.00000000
302456.70918159606,4123704.3086016807,1.0665810511827956,0.00000001
302456.73333762214,4123704.3523793737,1.0665810417427597,0.00000001
302456.7574936485,4123704.3961570663,1.0665810407036231,0.00000000
302456.78164967516,4123704.4399347594,1.0665810354089116,0.00000000
302456.8058057019,4123704.483712452,1.0665810481334501,0.00000000
302456.8299617281,4123704.527490145,1.0665810474001818,0.00000000
302456.8541177541,4123704.5712678377,1.0665810646272325,0.00000001
302456.8782737796,4123704.615045531,1.0665810563725706,0.00000000
302456.90242980537,4123704.6588232243,1.066581049181633,0.00000001
302456.92658583156,4123704.7026009173,1.0665810387377568,0.00000000
302456.9507418581,4123704.74637861,1.0665810353106182,0.00000000
302456.9748978848,4123704.7901563025,1.0665810461919054,0.00000000
302456.99905391113,4123704.8339339956,1.0665810477042847,0.00000000
302457.0232099374,4123704.8777116886,1.0665810473787234,0.00000000
302457.0473659634,4123704.921489381,1.06658105881627,0.00000000
302457.07152198924,4123704.9652670748,1.0665810589869669,0.00000000
302457.09567801486,4123705.009044768,1.066581058027187,0.00000000
302457.1198340405,4123705.052822461,1.0665810603170078,0.00000001
302457.1439900663,4123705.0966001544,1.0665810441360999,0.00000001
302457.16814609256,4123705.140377847,1.066581043728235,0.00000000
302457.19230211905,4123705.18415554,1.066581046211606,0.00000000
302457.2164581451,4123705.2279332327,1.0665810515785294,0.00000000
302457.24061417114,4123705.2717109257,1.06658106096289,0.00000000
302457.26477019687,4123705.3154886193,1.0665810552210384,0.00000000
302457.2889262227,4123705.3592663123,1.066581052029001,0.00000000
302457.31308224873,4123705.4030440054,1.0665810456583293,0.00000000
302457.33723827486,4123705.446821698,1.0665810467092909,0.00000001
302457.3613943012,4123705.490599391,1.0665810457935245,0.00000000
302457.38555032754,4123705.534377084,1.0665810434099259,0.00000000
302457.4097063538,4123705.5781547767,1.0665810615227749,0.00000000
302457.43386237946,4123705.6219324702,1.0665810542807177,0.00000000
302457.45801840536,4123705.6657101633,1.0665810428659708,0.00000001
302457.4821744317,4123705.709487856,1.066581048506303,0.00000000
302457.50633045787,4123705.753265549,1.0665810487883196,0.00000001
302457.53048648406,4123705.797043242,1.0665810454962952,0.00000001
302457.5546425102,4123705.8408209346,1.066581049606134,0.00000000
302457.5787985363,4123705.8845986277,1.0665810608642703,0.00000000
302457.60295456205,4123705.928376321,1.0665810571527372,0.00000000
302457.6271105878,4123705.9721540143,1.0665810579354755,0.00000000
302457.65126661345,4123706.0159317073,1.0665810492597783,0.00000000
302457.67542263964,4123706.0597094004,1.0665810377733491,0.00000001
302457.69957866624,4123706.103487093,1.066581046315042,0.00000001
302457.72373469255,4123706.147264786,1.066581042467687,0.00000001
302457.74789071886,4123706.1910424787,1.0665810455814442,0.00000000
302457.77204674523,4123706.2348201717,1.0665810433993217,0.00000001
302457.7962027715,4123706.2785978643,1.0665810504696005,0.00000000
302457.82035879756,4123706.3223755574,1.066581053728059,0.00000001
302457.84451482346,4123706.3661532504,1.0665810610703665,0.00000000
302457.8686708492,4123706.409930944,1.066581044173768,0.00000001
302457.89282687544,4123706.4537086366,1.0665810456667484,0.00000000
302457.9169829018,4123706.4974863296,1.0665810414669572,0.00000000
302457.9411389282,4123706.5412640222,1.0665810474680373,0.00000001
302457.9652949544,4123706.5850417153,1.0665810526096657,0.00000001
302457.9894509804,4123706.6288194084,1.0665810470568577,0.00000001
302458.0136070067,4123706.6725971014,1.066581037663203,0.00000000
302458.0377630333,4123706.716374794,1.0665810430034097,0.00000001
302458.06191905955,4123706.7601524866,1.0665810514181198,0.00000000
302458.08607508556,4123706.8039301797,1.0665810469972805,0.00000000
302458.1102311119,4123706.8477078727,1.066581045807924,0.00000000
302458.13438713824,4123706.891485566,1.0665810443789607,0.00000000
302458.15854316443,4123706.9352632584,1.066581045677008,0.00000001
302458.1826991908,4123706.9790409515,1.0665810366258957,0.00000000
302458.20685521746,4123707.022818644,1.0665810400465996,0.00000001
302458.2310112439,4123707.0665963367,1.0665810483653344,0.00000000
302458.2551672701,4123707.1103740297,1.0665810545911607,0.00000000
302458.2793232959,4123707.154151723,1.0665810620818366,0.00000001
302458.3034793216,4123707.1979294163,1.0665810384144518,0.00000000
302458.3276353482,4123707.241707109,1.0665810381993976,0.00000000
302458.35179137473,4123707.2854848015,1.0665810540828637,0.00000001
302458.3759474006,4123707.3292624946,1.0665810529404072,0.00000000
302458.40010342654,4123707.3730401876,1.0665810470733947,0.00000000
302458.42425945285,4123707.4168178807,1.0665810415372896,0.00000000
302458.4484154792,4123707.4605955733,1.0665810435982945,0.00000000
302458.4725715057,4123707.5043732664,1.0665810533844937,0.00000001
302458.4967275316,4123707.5481509594,1.0665810558104336,0.00000000
302458.5208835574,4123707.5919286525,1.0665810530267856,0.00000000
302458.54503958335,4123707.6357063456,1.0665810499826587,0.00000000
302458.5691956095,4123707.6794840386,1.066581037809493,0.00000001
302458.5933516361,4123707.723261731,1.0665810482534792,0.00000001
302458.6175076623,4123707.7670394243,1.066581061363772,0.00000001
302458.6416636877,4123707.8108171173,1.066581051367823,0.00000000
302458.6658197138,4123707.8545948104,1.066581046026451,0.00000000
302458.68997574016,4123707.8983725035,1.0665810385799976,0.00000000
302458.7141317667,4123707.942150196,1.0665810391759898,0.00000001
302458.7382877932,4123707.9859278887,1.0665810492901189,0.00000000
302458.7624438193,4123708.0297055817,1.06658105270077,0.00000000
302458.7865998453,4123708.073483275,1.0665810538396174,0.00000000
302458.8107558712,4123708.117260968,1.0665810519599301,0.00000000
302458.8349118972,4123708.161038661,1.066581049929316,0.00000000
302458.85906792333,4123708.204816354,1.0665810498277852,0.00000000
302458.88322394947,4123708.248594047,1.0665810498227086,0.00000000
302458.9073799756,4123708.29237174,1.066581056600659,0.00000000
302458.9315360013,4123708.336149433,1.066581054034612,0.00000001
302458.95569202723,4123708.379927126,1.0665810428536653,0.00000001
302458.97984805354,4123708.423704819,1.0665810426957982,0.00000000
302459.0040040801,4123708.467482512,1.0665810355085203,0.00000000
302459.0281601068,4123708.5112602045,1.0665810491067456,0.00000000
302459.05231613293,4123708.5550378975,1.0665810546282313,0.00000000
302459.0764721588,4123708.5988155906,1.066581049094416,0.00000000
302459.10062818497,4123708.6425932837,1.0665810445432853,0.00000000
302459.12478421116,4123708.6863709763,1.0665810495584838,0.00000001
302459.1489402373,4123708.7301486693,1.0665810507775586,0.00000001
302459.1730962634,4123708.7739263624,1.0665810527751418,0.00000000
302459.19725228933,4123708.8177040555,1.0665810519067063,0.00000000
302459.22140831535,4123708.8614817485,1.0665810528315993,0.00000001
302459.2455643413,4123708.9052594416,1.0665810418251997,0.00000000
302459.2697203677,4123708.949037134,1.06658104361269,0.00000001
302459.29387639416,4123708.9928148272,1.066581044269199,0.00000000
302459.31803242036,4123709.03659252,1.0665810466398344,0.00000001
302459.34218844667,4123709.080370213,1.0665810386106669,0.00000000
302459.3663444732,4123709.1241479055,1.0665810473252229,0.00000000
302459.39050049946,4123709.1679255986,1.0665810516342102,0.00000000
302459.4146565255,4123709.2117032916,1.0665810576595491,0.00000000
302459.43881255115,4123709.2554809847,1.0665810651402008,0.00000000
302459.46296857664,4123709.299258678,1.066581053493274,0.00000000
302459.4871246026,4123709.3430363713,1.0665810529109276,0.00000001
302459.51128062856,4123709.3868140643,1.0665810548184402,0.00000000
302459.5354366544,4123709.4305917574,1.066581052977186,0.00000000
302459.55959268037,4123709.4743694505,1.0665810499801787,0.00000000
302459.5837487065,4123709.5181471435,1.0665810455558882,0.00000000
302459.60790473263,4123709.561924836,1.066581049609114,0.00000000
302459.63206075877,4123709.605702529,1.0665810498117752,0.00000000
302459.6562167849,4123709.6494802223,1.0665810498219082,0.00000001
302459.68037281104,4123709.6932579153,1.0665810498224149,0.00000000
302459.7045288372,4123709.7370356084,1.066581045548,0.00000000
302459.7286848633,4123709.780813301,1.0665810486404044,0.00000001
302459.7528408895,4123709.824590994,1.0665810497633397,0.00000000
302459.77699691564,4123709.868368687,1.0665810546610608,0.00000001
302459.8011529415,4123709.91214638,1.0665810510326874,0.00000000
302459.82530896756,4123709.9559240732,1.0665810479463238,0.00000000
302459.8494649938,4123709.9997017663,1.0665810454541955,0.00000000
302459.87362101994,4123710.043479459,1.066581050572344,0.00000000
302459.897777046,4123710.087257152,1.0665810498599366,0.00000000
302459.92193307215,4123710.131034845,1.0665810498243162,0.00000000
302459.9460890983,4123710.174812538,1.0665810556324247,0.00000000
302459.9702451241,4123710.218590231,1.0665810549545152,0.00000000
302459.9944011499,4123710.262367924,1.0665810481424152,0.00000000
302460.01855717617,4123710.3061456173,1.0665810425590556,0.00000000
302460.0427132025,4123710.34992331,1.0665810484909573,0.00000001
302460.06686922867,4123710.393701003,1.0665810487875522,0.00000000
302460.09102525486,4123710.437478696,1.066581050739012,0.00000000
302460.11518128094,4123710.481256389,1.0665810537415295,0.00000000
302460.13933730684,4123710.525034082,1.0665810558282853,0.00000000
302460.1634933326,4123710.568811775,1.0665810539959932,0.00000000
302460.18764935853,4123710.6125894682,1.0665810519677488,0.00000000
302460.21180538455,4123710.6563671613,1.0665810489613918,0.00000000
302460.23596141074,4123710.7001448544,1.0665810435683192,0.00000000
302460.260117437,4123710.743922547,1.0665810504780504,0.00000000
302460.28427346307,4123710.78770024,1.0665810517918517,0.00000000
302460.3084294891,4123710.831477933,1.066581050889227,0.00000000
302460.33258551516,4123710.875255626,1.0665810508440958,0.00000001
302460.35674154124,4123710.919033319,1.0665810537467837,0.00000000
302460.38089756714,4123710.9628110123,1.066581054860233,0.00000000
302460.405053593,4123711.0065887053,1.0665810399900015,0.00000000
302460.42920961947,4123711.050366398,1.0665810396476705,0.00000001
302460.4533656462,4123711.094144091,1.0665810450392628,0.00000000
302460.4775216723,4123711.1379217836,1.0665810505515976,0.00000001
302460.5016776984,4123711.1816994767,1.0665810628481731,0.00000001
302460.525833724,4123711.22547717,1.0665810582202473,0.00000000
302460.5499897497,4123711.2692548633,1.0665810512106468,0.00000001
302460.57414577575,4123711.3130325563,1.0665810498918518,0.00000001
302460.5983018019,4123711.3568102494,1.066581046519787,0.00000001
302460.62245782797,4123711.400587942,1.0665810506256237,0.00000000
302460.64661385404,4123711.444365635,1.0665810527675452,0.00000000
302460.67076988,4123711.488143328,1.0665810509380116,0.00000000
302460.6949259061,4123711.531921021,1.0665810450366455,0.00000001
302460.7190819325,4123711.5756987142,1.066581044340397,0.00000000
302460.7432379587,4123711.619476407,1.066581062537613,0.00000000
302460.7673939843,4123711.6632541004,1.0665810552997745,0.00000001
302460.79155001015,4123711.7070317934,1.0665810491279932,0.00000000
302460.81570603634,4123711.7508094865,1.0665810435766492,0.00000001
302460.8398620626,4123711.794587179,1.066581046605207,0.00000000
302460.8640180889,4123711.838364872,1.066581042482195,0.00000000
302460.8881741152,4123711.8821425647,1.0665810465504841,0.00000000
302460.9123301415,4123711.925920258,1.0665810395745141,0.00000000
302460.936486168,4123711.9696979504,1.066581041563526,0.00000001
302460.9606421946,4123712.0134756435,1.0665810451350557,0.00000000
302460.98479822074,4123712.057253336,1.0665810587040867,0.00000000
302461.0089542466,4123712.1010310296,1.0665810411505092,0.00000000
302461.033110273,4123712.144808722,1.0665810393045152,0.00000000
302461.0572662995,4123712.188586415,1.0665810463916003,0.00000000
302461.0814223258,4123712.232364108,1.0665810467459544,0.00000000
302461.1055783521,4123712.276141801,1.0665810444258623,0.00000001
302461.1297343783,4123712.3199194935,1.0665810485842975,0.00000001
302461.1538904045,4123712.3636971866,1.0665810396762048,0.00000000
302461.178046431,4123712.407474879,1.0665810473784998,0.00000000
302461.20220245724,4123712.4512525722,1.0665810516368741,0.00000001
302461.22635848325,4123712.4950302653,1.0665810489448482,0.00000000
302461.25051450945,4123712.5388079584,1.0665810425991773,0.00000001
302461.27467053576,4123712.582585651,1.0665810465563332,0.00000000
302461.29882656207,4123712.626363344,1.0665810424797515,0.00000000
302461.3229825884,4123712.6701410366,1.066581047518677,0.00000000
302461.3471386146,4123712.7139187297,1.0665810477706232,0.00000000
302461.3712946409,4123712.7576964227,1.0665810454454105,0.00000000
302461.395450667,4123712.8014741153,1.066581048635275,0.00000000
302461.4196066932,4123712.8452518084,1.0665810468581383,0.00000000
302461.4437627195,4123712.8890295015,1.0665810434631564,0.00000000
302461.46791874577,4123712.932807194,1.0665810485361622,0.00000000
302461.49207477196,4123712.976584887,1.0665810478214977,0.00000000
302461.5162307982,4123713.02036258,1.0665810487540792,0.00000000
302461.5403868244,4123713.0641402733,1.0665810396846938,0.00000000
302461.5645428509,4123713.107917966,1.0665810372945947,0.00000000
302461.5886988775,4123713.1516956585,1.0665810540376237,0.00000000
302461.61285490333,4123713.1954733515,1.0665810601175298,0.00000000
302461.6370109291,4123713.239251045,1.0665810412211814,0.00000000
302461.66116695554,4123713.2830287376,1.0665810402763638,0.00000000
302461.68532298197,4123713.3268064302,1.0665810474085076,0.00000000
302461.7094790082,4123713.3705841233,1.0665810535750042,0.00000000
302461.7336350341,4123713.4143618164,1.0665810649359735,0.00000001
302461.7577910596,4123713.45813951,1.0665810433987335,0.00000000
302461.7819470859,4123713.5019172025,1.0665810355436671,0.00000000
302461.80610311264,4123713.545694895,1.0665810529817623,0.00000000
302461.83025913854,4123713.589472588,1.0665810600647367,0.00000000
302461.85441516433,4123713.6332502817,1.0665810421868567,0.00000000
302461.8785711907,4123713.6770279743,1.0665810475040323,0.00000000
302461.90272721695,4123713.7208056673,1.0665810516431509,0.00000001
302461.92688324297,4123713.7645833604,1.066581049913477,0.00000001
302461.9510392691,4123713.8083610535,1.0665810445842383,0.00000000
302461.9751952953,4123713.852138746,1.0665810365712574,0.00000000
302461.99935132195,4123713.8959164387,1.0665810332656636,0.00000001
302462.0235073488,4123713.9396941313,1.0665810489946026,0.00000000
302462.0476633749,4123713.9834718243,1.066581052685994,0.00000000
302462.0718194009,4123714.0272495174,1.0665810499656192,0.00000000
302462.095975427,4123714.0710272104,1.0665810498296004,0.00000000
302462.12013145315,4123714.1148049035,1.066581052727744,0.00000000
302462.1442874791,4123714.1585825966,1.0665810528726511,0.00000000
302462.16844350507,4123714.2023602896,1.066581044732197,0.00000000
302462.19259953126,4123714.2461379822,1.0665810466629844,0.00000000
302462.2167555576,4123714.2899156753,1.0665810457912093,0.00000000
302462.24091158394,4123714.3336933684,1.0665810424414952,0.00000001
302462.26506761025,4123714.377471061,1.0665810475167643,0.00000000
302462.2892236365,4123714.421248754,1.066581042527773,0.00000000
302462.3133796628,4123714.4650264466,1.0665810455844487,0.00000000
302462.3375356892,4123714.5088041397,1.0665810404945273,0.00000000
302462.3616917156,4123714.5525818323,1.0665810445144712,0.00000000
302462.385847742,4123714.5963595253,1.066581049557043,0.00000000
302462.41000376816,4123714.6401372184,1.0665810465030465,0.00000000
302462.43415979424,4123714.683914911,1.0665810419099526,0.00000000
302462.45831582084,4123714.727692604,1.066581035469228,0.00000000
302462.48247184756,4123714.7714702967,1.0665810558829851,0.00000000
302462.5066278733,4123714.8152479897,1.0665810569036729,0.00000000
302462.530783899,4123714.859025683,1.0665810472715582,0.00000000
302462.5549399253,4123714.902803376,1.0665810425155127,0.00000000
302462.57909595163,4123714.9465810684,1.0665810576047945,0.00000000
302462.60325197753,4123714.990358762,1.0665810540848186,0.00000001
302462.62740800343,4123715.034136455,1.0665810457611202,0.00000000
302462.65156402957,4123715.0779141476,1.0665810496193755,0.00000001
302462.6757200557,4123715.1216918407,1.0665810488439733,0.00000000
302462.6998760819,4123715.1654695338,1.0665810488052032,0.00000000
302462.7240321081,4123715.209247227,1.0665810445288246,0.00000001
302462.7481881343,4123715.2530249194,1.0665810485894456,0.00000000
302462.7723441605,4123715.2968026125,1.0665810497607917,0.00000000
302462.7965001866,4123715.3405803056,1.0665810527243036,0.00000000
302462.82065621257,4123715.3843579986,1.066581054809109,0.00000000
302462.8448122384,4123715.4281356917,1.06658104716683,0.00000001
302462.8689682647,4123715.4719133847,1.0665810396053312,0.00000000
302462.8931242912,4123715.5156910773,1.0665810392272563,0.00000001
302462.9172803177,4123715.55946877,1.0665810444511077,0.00000000
302462.9414363441,4123715.603246463,1.0665810404378602,0.00000000
302462.96559237054,4123715.6470241556,1.066581043543323,0.00000001
302462.989748397,4123715.6908018487,1.0665810442657306,0.00000000
302463.0139044232,4123715.7345795413,1.066581048576291,0.00000000
302463.0380604494,4123715.7783572343,1.066581049760134,0.00000000
302463.06221647555,4123715.8221349274,1.066581051755956,0.00000000
302463.08637250157,4123715.8659126204,1.0665810537923768,0.00000000
302463.11052852747,4123715.9096903135,1.0665810480843083,0.00000000
302463.1346845537,4123715.9534680066,1.0665810406195202,0.00000000
302463.15884058014,4123715.997245699,1.0665810474256654,0.00000000
302463.1829966064,4123716.041023392,1.0665810444598478,0.00000000
302463.2071526326,4123716.084801085,1.0665810505226268,0.00000001
302463.23130865867,4123716.128578778,1.0665810517940806,0.00000000
302463.2554646847,4123716.172356471,1.066581052825968,0.00000000
302463.27962071064,4123716.216134164,1.0665810509409328,0.00000000
302463.3037767367,4123716.259911857,1.0665810417306665,0.00000000
302463.3279327631,4123716.3036895497,1.0665810455445932,0.00000000
302463.35208878946,4123716.3474672427,1.066581046703604,0.00000000
302463.37624481576,4123716.391244936,1.0665810453920594,0.00000000
302463.4004008419,4123716.4350226284,1.0665810515375522,0.00000000
302463.4245568679,4123716.4788003215,1.0665810460349376,0.00000000
302463.4487128943,4123716.5225780145,1.0665810395487367,0.00000000
302463.47286892077,4123716.566355707,1.0665810334145374,0.00000000
302463.4970249476,4123716.6101333997,1.0665810350444571,0.00000000
302463.5211809743,4123716.6539110923,1.0665810471469124,0.00000001
302463.54533700057,4123716.6976887854,1.06658104872035,0.00000000
302463.56949302676,4123716.7414664784,1.0665810517039667,0.00000000
302463.5936490528,4123716.7852441715,1.0665810466103927,0.00000000
302463.61780507886,4123716.829021864,1.066581049661839,0.00000000
302463.641961105,4123716.872799557,1.0665810387617671,0.00000001
302463.66611713154,4123716.9165772498,1.0665810415228887,0.00000000
302463.69027315814,4123716.960354943,1.0665810393231343,0.00000000
302463.7144291846,4123717.0041326354,1.0665810444559016,0.00000000
302463.73858521105,4123717.0479103285,1.066581041406415,0.00000000
302463.7627412374,4123717.091688021,1.0665810464966952,0.00000001
302463.7868972637,4123717.135465714,1.0665810424767694,0.00000000
302463.81105329003,4123717.1792434067,1.0665810455818985,0.00000000
302463.8352093164,4123717.2230211,1.0665810404943998,0.00000000
302463.8593653428,4123717.2667987924,1.066581055165929,0.00000000
302463.8835213686,4123717.3105764855,1.0665810630788897,0.00000000
302463.9076773942,4123717.354354179,1.0665810384643046,0.00000000
302463.9318334208,4123717.3981318716,1.0665810382018903,0.00000000
302463.95598944736,4123717.441909564,1.0665810424632096,0.00000000
302463.9801454739,4123717.4856872573,1.0665810374335205,0.00000000
302464.0043015005,4123717.52946495,1.0665810333087766,0.00000001
302464.02845752734,4123717.5732426425,1.0665810379441139,0.00000000
302464.0526135539,4123717.617020335,1.06658104632358,0.00000001
302464.0767695802,4123717.660798028,1.0665810366582242,0.00000000
302464.10092560685,4123717.7045757207,1.0665810332700119,0.00000000
302464.1250816337,4123717.7483534133,1.0665810389104904,0.00000000
302464.14923766017,4123717.792131106,1.0665810424986395,0.00000001
302464.1733936867,4123717.835908799,1.0665810393719217,0.00000001
302464.1975497132,4123717.8796864916,1.0665810401839009,0.00000000
302464.2217057396,4123717.923464184,1.066581052245459,0.00000000
302464.2458617656,4123717.967241877,1.066581044133703,0.00000000
302464.27001779206,4123718.0110195703,1.066581030738841,0.00000000
302464.2941738191,4123718.054797263,1.0665810397522468,0.00000000
302464.3183298455,4123718.0985749555,1.0665810493189318,0.00000000
302464.34248587163,4123718.1423526485,1.0665810406812515,0.00000000
302464.36664189806,4123718.186130341,1.0665810445238075,0.00000000
302464.3907979245,4123718.229908034,1.0665810423781252,0.00000000
302464.4149539508,4123718.273685727,1.0665810446086512,0.00000001
302464.4391099772,4123718.31746342,1.0665810264881483,0.00000000
302464.4632660042,4123718.361241112,1.0665810337298227,0.00000000
302464.487422031,4123718.4050188046,1.0665810403029763,0.00000000
302464.51157805766,4123718.4487964977,1.066581037325509,0.00000000
302464.53573408426,4123718.4925741903,1.0665810391132653,0.00000001
302464.55989011074,4123718.536351883,1.0665810483186677,0.00000001
302464.58404613694,4123718.580129576,1.0665810497472528,0.00000000
302464.6082021631,4123718.623907269,1.0665810416709824,0.00000000
302464.63235818944,4123718.6676849616,1.0665810465099237,0.00000000
302464.65651421575,4123718.7114626546,1.066581042477431,0.00000000
302464.68067024206,4123718.7552403472,1.066581047518561,0.00000001
302464.7048262683,4123718.7990180403,1.0665810487389324,0.00000000
302464.7289822945,4123718.8427957334,1.0665810367789919,0.00000000
302464.75313832116,4123718.886573426,1.0665810371493096,0.00000001
302464.77729434776,4123718.9303511186,1.0665810472521549,0.00000001
302464.801450374,4123718.9741288116,1.0665810477572972,0.00000000
302464.82560640026,4123719.0179065047,1.0665810425397997,0.00000000
302464.8497624266,4123719.0616841973,1.0665810364690353,0.00000000
302464.87391845323,4123719.10546189,1.066581034228867,0.00000000
302464.89807448,4123719.1492395825,1.066581033148544,0.00000000
302464.92223050684,4123719.193017275,1.0665810359994725,0.00000000
302464.9463865335,4123719.2367949677,1.066581047194663,0.00000000
302464.97054255975,4123719.2805726607,1.0665810477544226,0.00000001
302464.994698586,4123719.324350354,1.066581042539656,0.00000001
302465.0188546123,4123719.3681280464,1.0665810465533574,0.00000000
302465.0430106386,4123719.4119057395,1.0665810477223574,0.00000000
302465.06716666487,4123719.4556834325,1.066581038664793,0.00000001
302465.0913226914,4123719.499461125,1.0665810372435998,0.00000000
302465.115478718,4123719.5432388177,1.0665810342675954,0.00000000
302465.1396347448,4123719.5870165103,1.0665810370237399,0.00000000
302465.1637907714,4123719.630794203,1.066581042404302,0.00000000
302465.18794679793,4123719.674571896,1.0665810354939453,0.00000001
302465.21210282465,4123719.7183495886,1.066581033211798,0.00000000
302465.2362588515,4123719.762127281,1.0665810389075798,0.00000001
302465.26041487796,4123719.8059049738,1.066581044435124,0.00000001
302465.2845709044,4123719.849682667,1.0665810355954866,0.00000000
302465.3087269311,4123719.8934603594,1.0665810341851898,0.00000000
302465.3328829579,4123719.937238052,1.0665810321780451,0.00000000
302465.3570389848,4123719.9810157446,1.066581026834933,0.00000000
302465.3811950117,4123720.0247934368,1.0665810327788472,0.00000000
302465.40535103856,4123720.0685711293,1.0665810340443578,0.00000000
302465.42950706533,4123720.112348822,1.0665810393503883,0.00000000
302465.45366309205,4123720.156126515,1.0665810291301798,0.00000000
302465.4778191189,4123720.199904207,1.0665810319252946,0.00000000
302465.5019751458,4123720.2436818997,1.0665810349699951,0.00000000
302465.5261311725,4123720.2874595923,1.066581040364985,0.00000000
302465.55028719915,4123720.3312372854,1.066581042170184,0.00000000
302465.57444322546,4123720.375014978,1.0665810436299392,0.00000000
302465.59859925194,4123720.418792671,1.0665810245025829,0.00000001
302465.62275527907,4123720.462570363,1.0665810307256,0.00000000
302465.646911306,4123720.506348056,1.0665810349100104,0.00000000
302465.67106733273,4123720.5501257484,1.0665810341509159,0.00000001
302465.6952233595,4123720.593903441,1.066581036049591,0.00000000
302465.71937938617,4123720.6376811336,1.0665810404189648,0.00000001
302465.7435354128,4123720.6814588266,1.0665810363629935,0.00000000
302465.7676914395,4123720.7252365192,1.0665810400334546,0.00000000
302465.7918474659,4123720.769014212,1.0665810454597326,0.00000000
302465.8160034923,4123720.812791905,1.0665810317734574,0.00000000
302465.8401595192,4123720.8565695975,1.0665810268147036,0.00000000
302465.8643155462,4123720.9003472896,1.066581030841206,0.00000001
302465.8884715731,4123720.944124982,1.066581032010846,0.00000001
302465.9126276,4123720.987902675,1.0665810340059576,0.00000000
302465.9367836268,4123721.0316803674,1.0665810360423431,0.00000000
302465.96093965345,4123721.07545806,1.0665810481651217,0.00000001
302465.98509567964,4123721.119235753,1.066581045866316,0.00000001
302466.009251706,4123721.163013446,1.0665810366353612,0.00000001
302466.03340773267,4123721.2067911387,1.0665810352054983,0.00000000
302466.0575637594,4123721.2505688313,1.0665810341656903,0.00000001
302466.08171978616,4123721.294346524,1.0665810341136999,0.00000000
302466.10587581294,4123721.3381242165,1.0665810341111004,0.00000001
302466.1300318397,4123721.381901909,1.066581037015915,0.00000000
302466.1541878663,4123721.4256796017,1.066581037161156,0.00000000
302466.1783438929,4123721.4694572943,1.066581040474543,0.00000000
302466.2024999196,4123721.5132349874,1.0665810363657724,0.00000000
302466.22665594623,4123721.55701268,1.0665810400335936,0.00000000
302466.25081197266,4123721.6007903726,1.066581036343725,0.00000000
302466.2749679993,4123721.644568065,1.0665810274443974,0.00000000
302466.2991240265,4123721.688345758,1.0665810347459501,0.00000000
302466.3232800532,4123721.7321234504,1.066581046163672,0.00000000
302466.3474360795,4123721.7759011434,1.0665810385868586,0.00000000
302466.37159210606,4123721.819678836,1.0665810353030734,0.00000000
302466.3957481328,4123721.8634565286,1.0665810283606798,0.00000001
302466.4199041599,4123721.907234221,1.0665810247074348,0.00000000
302466.444060187,4123721.9510119134,1.0665810446934316,0.00000000
302466.46821621334,4123721.9947896064,1.0665810394816615,0.00000000
302466.4923722398,4123722.038567299,1.0665810353478133,0.00000000
302466.51652826654,4123722.0823449916,1.0665810322361762,0.00000000
302466.54068429343,4123722.126122684,1.06658102917565,0.00000000
302466.5648403205,4123722.169900377,1.0665810348325129,0.00000001
302466.5889963472,4123722.2136780694,1.066581036083671,0.00000000
302466.6131523739,4123722.257455762,1.0665810303363394,0.00000000
302466.6373084009,4123722.3012334546,1.0665810300489729,0.00000000
302466.6614644279,4123722.345011147,1.0665810257601644,0.00000000
302466.6856204549,4123722.3887888393,1.0665810336934236,0.00000001
302466.7097764817,4123722.432566532,1.0665810422377862,0.00000000
302466.7339325082,4123722.476344225,1.0665810374222493,0.00000000
302466.7580885348,4123722.5201219176,1.0665810371814726,0.00000000
302466.7822445614,4123722.56389961,1.0665810472537631,0.00000000
302466.80640058767,4123722.6076773033,1.066581039609678,0.00000000
302466.83055661415,4123722.651454996,1.0665810266393803,0.00000000
302466.8547126414,4123722.6952326884,1.0665810337373844,0.00000000
302466.87886866817,4123722.739010381,1.066581039902174,0.00000000
302466.9030246946,4123722.7827880736,1.066581036337154,0.00000001
302466.92718072125,4123722.8265657662,1.066581034222273,0.00000000
302466.951336748,4123722.870343459,1.0665810302432694,0.00000000
302466.97549277503,4123722.9141211514,1.0665810300443193,0.00000000
302466.99964880204,4123722.957898844,1.0665810310026869,0.00000000
302467.023804829,4123723.0016765366,1.06658102580785,0.00000001
302467.047960856,4123723.0454542288,1.0665810278859187,0.00000000
302467.0721168831,4123723.0892319214,1.0665810328313965,0.00000000
302467.09627290996,4123723.133009614,1.0665810350153002,0.00000001
302467.1204289367,4123723.1767873066,1.0665810302829208,0.00000001
302467.1445849637,4123723.220564999,1.0665810310146169,0.00000000
302467.16874099063,4123723.2643426917,1.0665810329878314,0.00000001
302467.19289701746,4123723.3081203843,1.0665810330864922,0.00000000
302467.2170530443,4123723.351898077,1.0665810268803553,0.00000000
302467.24120907125,4123723.395675769,1.0665810418971327,0.00000001
302467.2653650978,4123723.439453462,1.0665810412784764,0.00000000
302467.28952112416,4123723.4832311547,1.0665810305960797,0.00000000
302467.31367715116,4123723.5270088473,1.0665810319985896,0.00000000
302467.33783317806,4123723.57078654,1.0665810388469192,0.00000001
302467.36198920454,4123723.6145642325,1.0665810415271462,0.00000001
302467.38614523114,4123723.6583419256,1.0665810364184027,0.00000001
302467.4103012578,4123723.702119618,1.06658103906791,0.00000000
302467.4344572843,4123723.745897311,1.0665810382320706,0.00000000
302467.4586133108,4123723.7896750034,1.0665810285071298,0.00000001
302467.48276933795,4123723.833452696,1.066581032862457,0.00000001
302467.5069253648,4123723.8772303886,1.0665810388901127,0.00000000
302467.53108139127,4123723.921008081,1.066581034349921,0.00000000
302467.55523741804,4123723.964785774,1.0665810321862816,0.00000001
302467.57939344493,4123724.0085634664,1.0665810470040036,0.00000000
302467.6035494712,4123724.0523411594,1.0665810477448896,0.00000001
302467.62770549743,4123724.0961188525,1.0665810357609748,0.00000001
302467.65186152415,4123724.139896545,1.066581036130094,0.00000000
302467.6760175508,4123724.1836742377,1.0665810390534944,0.00000000
302467.7001735773,4123724.2274519303,1.066581041537475,0.00000000
302467.7243296039,4123724.2712296234,1.066581036418919,0.00000001
302467.74848563055,4123724.315007316,1.066581037131306,0.00000001
302467.77264165715,4123724.3587850085,1.0665810371669253,0.00000000
302467.79679768375,4123724.402562701,1.0665810482213507,0.00000000
302467.82095370995,4123724.446340394,1.066581043531317,0.00000000
302467.8451097362,4123724.490118087,1.0665810398247364,0.00000001
302467.8692657629,4123724.53389578,1.0665810353649672,0.00000000
302467.89342178963,4123724.5776734725,1.066581033205349,0.00000000
302467.91757781646,4123724.621451165,1.0665810369706274,0.00000001
302467.94173384306,4123724.6652288577,1.0665810410321512,0.00000000
302467.96588986943,4123724.7090065503,1.066581048414612,0.00000001
302467.9900458956,4123724.7527842433,1.066581048783735,0.00000000
302468.0142019218,4123724.7965619364,1.0665810387178618,0.00000001
302468.03835794836,4123724.840339629,1.0665810372462532,0.00000001
302468.06251397496,4123724.8841173216,1.0665810303944685,0.00000000
302468.08667000197,4123724.927895014,1.0665810300518792,0.00000001
302468.110826029,4123724.971672707,1.0665810459289684,0.00000000
302468.1349820553,4123725.0154504,1.066581043416698,0.00000000
302468.15913808154,4123725.0592280924,1.0665810475655244,0.00000000
302468.1832941078,4123725.1030057855,1.0665810434985257,0.00000000
302468.20745013404,4123725.146783478,1.0665810475696158,0.00000000
302468.2316061603,4123725.190561171,1.0665810468048553,0.00000000
302468.2557621866,4123725.234338864,1.0665810415238626,0.00000000
302468.27991821297,4123725.278116557,1.066581043597623,0.00000000
302468.30407423945,4123725.32189425,1.0665810374902414,0.00000000
302468.32823026605,4123725.3656719425,1.0665810391215018,0.00000000
302468.35238629254,4123725.409449635,1.0665810444458201,0.00000001
302468.37654231896,4123725.453227328,1.0665810452791704,0.00000000
302468.4006983451,4123725.4970050207,1.066581048626963,0.00000000
302468.4248543713,4123725.540782714,1.0665810377417082,0.00000000
302468.4490103979,4123725.5845604064,1.0665810443768304,0.00000000
302468.4731664243,4123725.6283380995,1.0665810505184758,0.00000000
302468.4973224504,4123725.6721157925,1.0665810426778586,0.00000000
302468.5214784767,4123725.715893485,1.066581044623638,0.00000000
302468.5456345031,4123725.759671178,1.0665810336682826,0.00000000
302468.56979052996,4123725.803448871,1.066581026909445,0.00000000
302468.5939465569,4123725.847226563,1.0665810515817362,0.00000001
302468.61810258287,4123725.891004256,1.0665810590264206,0.00000000
302468.6422586087,4123725.9347819495,1.06658105609253,0.00000001
302468.6664146345,4123725.9785596426,1.0665810530408903,0.00000000
302468.69057066046,4123726.0223373356,1.0665810360257748,0.00000001
302468.7147266872,4123726.066115028,1.0665810400165936,0.00000000
302468.7388827136,4123726.109892721,1.066581049332149,0.00000000
302468.76303873974,4123726.153670414,1.066581047861297,0.00000001
302468.787194766,4123726.197448107,1.0665810415766845,0.00000001
302468.81135079236,4123726.2412257995,1.0665810513467835,0.00000000
302468.8355068184,4123726.2850034926,1.066581054740233,0.00000001
302468.8596628442,4123726.3287811857,1.066581051036646,0.00000000
302468.8838188703,4123726.3725588787,1.0665810498831518,0.00000000
302468.9079748964,4123726.416336572,1.0665810319946285,0.00000000
302468.9321309234,4123726.4601142644,1.066581032068517,0.00000000
302468.95628695027,4123726.503891957,1.0665810388504158,0.00000000
302468.98044297675,4123726.5476696496,1.0665810434639507,0.00000000
302469.00459900324,4123726.5914473427,1.0665810403885023,0.00000000
302469.02875502966,4123726.6352250353,1.06658104023473,0.00000000
302469.0529110561,4123726.679002728,1.0665810435331664,0.00000001
302469.0770670826,4123726.722780421,1.0665810432969078,0.00000001
302469.1012231088,4123726.7665581135,1.0665810485278497,0.00000000
302469.125379135,4123726.8103358066,1.0665810377367526,0.00000000
302469.1495351616,4123726.854113499,1.0665810395350082,0.00000000
302469.17369118833,4123726.897891192,1.0665810363187957,0.00000000
302469.197847215,4123726.941668885,1.0665810390629296,0.00000001
302469.2220032415,4123726.9854465774,1.0665810521894104,0.00000000
302469.24615926744,4123727.0292242705,1.06658104994079,0.00000000
302469.2703152936,4123727.0730019636,1.0665810416806594,0.00000000
302469.29447131994,4123727.116779656,1.066581043605463,0.00000000
302469.3186273464,4123727.160557349,1.066581039427263,0.00000000
302469.3427833729,4123727.204335042,1.0665810502709976,0.00000001
302469.366939399,4123727.248112735,1.0665810488765544,0.00000001
302469.3910954252,4123727.291890428,1.0665810387225028,0.00000000
302469.4152514517,4123727.3356681205,1.066581045394185,0.00000000
302469.4394074781,4123727.3794458136,1.0665810443582737,0.00000000
302469.4635635043,4123727.423223506,1.0665810495492332,0.00000001
302469.4877195304,4123727.4670011993,1.066581049808781,0.00000000
302469.51187555655,4123727.5107788923,1.066581039737429,0.00000000
302469.53603158303,4123727.554556585,1.0665810444766164,0.00000001
302469.56018760946,4123727.598334278,1.0665810534284097,0.00000000
302469.58434363536,4123727.642111971,1.0665810428233553,0.00000001
302469.60849966167,4123727.6858896636,1.0665810326099534,0.00000000
302469.63265568856,4123727.7296673562,1.0665810441202426,0.00000000
302469.656811715,4123727.7734450493,1.0665810505056466,0.00000000
302469.68096774106,4123727.8172227424,1.0665810546981762,0.00000001
302469.7051237669,4123727.8610004354,1.0665810558761177,0.00000000
302469.7292797927,4123727.9047781285,1.0665810410091108,0.00000000
302469.7534358191,4123727.948555821,1.0665810435718854,0.00000000
302469.7775918456,4123727.992333514,1.0665810394255841,0.00000000
302469.8017478721,4123728.0361112067,1.0665810473659687,0.00000000
302469.82590389834,4123728.0798889,1.0665810535728775,0.00000000
302469.85005992424,4123728.123666593,1.066581051946593,0.00000000
302469.87421595026,4123728.167444286,1.0665810456542089,0.00000000
302469.8983719764,4123728.2112219785,1.0665810505823448,0.00000000
302469.92252800247,4123728.2549996716,1.0665810508287517,0.00000000
302469.94668402855,4123728.2987773647,1.0665810430945526,0.00000000
302469.9708400551,4123728.3425550577,1.0665810423066624,0.00000000
302469.9949960814,4123728.3863327503,1.066581052351597,0.00000001
302470.01915210736,4123728.4301104434,1.0665810547904737,0.00000000
302470.0433081332,4123728.4738881364,1.0665810611234872,0.00000001
302470.0674641589,4123728.51766583,1.0665810373982196,0.00000000
302470.0916201856,4123728.5614435226,1.0665810362119563,0.00000001
302470.11577621225,4123728.605221215,1.0665810429308473,0.00000000
302470.1399322385,4123728.648998908,1.0665810485095468,0.00000000
302470.1640882647,4123728.692776601,1.0665810497567967,0.00000000
302470.1882442908,4123728.736554294,1.0665810556290487,0.00000001
302470.2124003166,4123728.780331987,1.0665810568909762,0.00000001
302470.23655634234,4123728.82410968,1.0665810463026086,0.00000001
302470.2607123687,4123728.867887373,1.0665810477098199,0.00000000
302470.28486839496,4123728.911665066,1.066581052621755,0.00000001
302470.3090244209,4123728.955442759,1.0665810518990368,0.00000000
302470.33318044693,4123728.9992204523,1.0665810466201462,0.00000000
302470.357336473,4123729.042998145,1.066581057810026,0.00000000
302470.3814924989,4123729.0867758384,1.0665810560317102,0.00000000
302470.4056485247,4123729.1305535315,1.0665810540061644,0.00000000
302470.4298045506,4123729.1743312245,1.0665810519682575,0.00000000
302470.4539605766,4123729.2181089176,1.0665810446869775,0.00000000
302470.4781166028,4123729.26188661,1.0665810505339832,0.00000001
302470.5022726289,4123729.3056643032,1.0665810517946483,0.00000001
302470.5264286549,4123729.3494419963,1.0665810470161068,0.00000000
302470.5505846812,4123729.3932196894,1.0665810415344252,0.00000001
302470.5747407076,4123729.436997382,1.0665810542496152,0.00000000
302470.5988967334,4123729.480775075,1.0665810539170597,0.00000001
302470.6230527593,4123729.524552768,1.0665810500271724,0.00000000
302470.64720878546,4123729.568330461,1.066581048864363,0.00000000
302470.67136481166,4123729.612108154,1.0665810497745376,0.00000000
302470.6955208378,4123729.6558858473,1.0665810407040317,0.00000001
302470.7196768642,4123729.69966354,1.0665810425883167,0.00000001
302470.74383289076,4123729.743441233,1.0665810533339948,0.00000001
302470.76798891666,4123729.787218926,1.0665810567762235,0.00000000
302470.7921449424,4123729.830996619,1.0665810492018157,0.00000000
302470.8163009686,4123729.874774312,1.0665810445486552,0.00000000
302470.8404569948,4123729.9185520047,1.0665810524636967,0.00000000
302470.86461302073,4123729.962329698,1.0665810509228193,0.00000000
302470.8887690468,4123730.006107391,1.0665810479408304,0.00000001
302470.91292507306,4123730.049885084,1.0665810425489763,0.00000001
302470.9370810994,4123730.0936627765,1.0665810446171937,0.00000001
302470.9612371258,4123730.1374404696,1.0665810524671235,0.00000001
302470.98539315176,4123730.1812181626,1.066581055764565,0.00000002
302471.00954917754,4123730.2249958557,1.0665810588343816,0.00000002
302471.03370520315,4123730.268773549,1.0665810613256825,0.00000002
302471.0578612289,4123730.3125512423,1.0665810383766443,0.00000002
302471.0820172555,4123730.356328935,1.0665810381975074,0.00000003
302471.106173282,4123730.4001066275,1.0665810443996204,0.00000003
302471.13032930845,4123730.4438843206,1.0665810443085455,0.00000003
302471.15448533464,4123730.487662013,1.066581057694446,0.00000003
302471.17864136054,4123730.5314397067,1.0665810430366571,0.00000004
302471.20279738685,4123730.5752173993,1.0665810355255632,0.00000004
302471.22695341357,4123730.618995092,1.0665810510442273,0.00000004
302471.2511094396,4123730.662772785,1.0665810556934203,0.00000005
302471.2752654654,4123730.706550478,1.06658105398925,0.00000005
302471.2994214913,4123730.750328171,1.0665810519674117,0.00000005
302471.3235775173,4123730.794105864,1.0665810421831707,0.00000006
302471.3477335439,4123730.837883557,1.0665810374195186,0.00000007
302471.3718895705,4123730.88166125,1.066581037181336,0.00000007
302471.3960455971,4123730.9254389424,1.0665810482220712,0.00000008
302471.4202016233,4123730.9692166355,1.066581058457257,0.00000008
302471.4443576489,4123731.0129943285,1.0665810512224974,0.00000009
302471.468513675,4123731.0567720216,1.06658104505087,0.00000010
302471.4926697014,4123731.1005497146,1.0665810394995334,0.00000011
302471.5168257279,4123731.1443274072,1.0665810392219666,0.00000012
302471.54098175437,4123731.1881051,1.0665810425142133,0.00000012
302471.5651377809,4123731.231882793,1.0665810374360707,0.00000014
302471.5892938075,4123731.2756604855,1.0665810362138488,0.00000015
302471.61344983417,4123731.319438178,1.0665810361527377,0.00000016
302471.63760586083,4123731.3632158707,1.0665810322764224,0.00000017
302471.6617618877,4123731.4069935633,1.0665810320826068,0.00000018
302471.6859179146,4123731.450771256,1.0665810330412309,0.00000020
302471.71007394145,4123731.4945489485,1.0665810350257918,0.00000021
302471.73422996816,4123731.538326641,1.066581036093335,0.00000023
302471.7583859948,4123731.5821043337,1.0665810332417673,0.00000025
302471.78254202165,4123731.6258820263,1.0665810311625592,0.00000027
302471.8066980486,4123731.669659719,1.0665810310585988,0.00000029
302471.83085407555,4123731.7134374115,1.0665810310534007,0.00000031
302471.8550101025,4123731.757215104,1.0665810267787008,0.00000034
302471.87916612945,4123731.800992796,1.066581029871091,0.00000037
302471.90332215646,4123731.844770489,1.066581018973066,0.00000040
302471.9274781839,4123731.888548181,1.0665810207659752,0.00000043
302471.9516342114,4123731.9323258735,1.0665810324753993,0.00000046
302471.97579023824,4123731.976103566,1.0665810278181156,0.00000050
302471.99994626513,4123732.0198812583,1.066581005314009,0.00000054
302472.02410229336,4123732.0636589504,1.0665809999143634,0.00000058
302472.0482583216,4123732.107436642,1.0665809996443811,0.00000063
302472.0724143498,4123732.1512143337,1.0665810039053223,0.00000068
302472.09657037805,4123732.194992026,1.066580998875614,0.00000073
302472.12072640634,4123732.2387697175,1.066580996687499,0.00000079
302472.14488243475,4123732.282547409,1.0665809927048338,0.00000086
302472.1690384634,4123732.326325101,1.0665809915373856,0.00000092
302472.1931944921,4123732.3701027925,1.0665809852679429,0.00000099
302472.2173505209,4123732.4138804837,1.0665809791445815,0.00000107
302472.24150655005,4123732.457658175,1.0665809710918948,0.00000116
302472.2656625797,4123732.501435866,1.0665809726258901,0.00000125
302472.2898186092,4123732.5452135573,1.0665809717342751,0.00000135
302472.31397463876,4123732.5889912485,1.0665809476477752,0.00000145
302472.33813066926,4123732.632768939,1.0665809386969316,0.00000156
302472.3622867002,4123732.676546629,1.0665809372810746,0.00000168
302472.38644273125,4123732.7203243193,1.0665809362419667,0.00000181
302472.41059876233,4123732.7641020096,1.0665809034332587,0.00000195
302472.4347547949,4123732.807879699,1.0665808998561939,0.00000210
302472.4589108275,4123732.8516573883,1.066580886120933,0.00000226
302472.483066861,4123732.8954350776,1.0665808701070836,0.00000243
302472.50722289487,4123732.939212766,1.0665808557499838,0.00000262
302472.53137892956,4123732.9829904544,1.0665808410745397,0.00000281
302472.55553496483,4123733.0267681424,1.066580825414863,0.00000302
302472.57969100075,4123733.07054583,1.0665808029277715,0.00000325
302472.6038470377,4123733.114323517,1.0665807897824569,0.00000350
302472.62800307514,4123733.1581012034,1.0665807548329918,0.00000376
302472.65215911437,4123733.2018788895,1.0665807387267452,0.00000404
302472.67631515395,4123733.2456565746,1.06658071274525,0.00000435
302472.70047119504,4123733.2894342598,1.0665806912775135,0.00000467
302472.72462723684,4123733.333211944,1.0665806593840028,0.00000503
302472.74878327997,4123733.3769896273,1.0665806244654437,0.00000541
302472.77293932484,4123733.42076731,1.0665805918993916,0.00000583
302472.79709537106,4123733.464544992,1.066580533873599,0.00000626
302472.8212514199,4123733.5083226725,1.066580514109775,0.00000675
302472.8454074695,4123733.5521003525,1.066580456724094,0.00000726
302472.8695635217,4123733.595878031,1.0665804220663708,0.00000782
302472.8937195753,4123733.639655709,1.0665803581261075,0.00000841
302472.9178756319,4123733.683433385,1.0665802961937878,0.00000904
302472.94203169097,4123733.7272110595,1.0665802568683478,0.00000974
302472.96618775197,4123733.7709887335,1.0665801835786808,0.00001045
302472.99034381623,4123733.8147664056,1.0665801519990152,0.00001125
302473.01449988165,4123733.858544077,1.0665800256040898,0.00001207
302473.0386559528,4123733.9023217447,1.0665799859604652,0.00001298
302473.06281202566,4123733.946099412,1.06657990160224,0.00001393
302473.0869681022,4123733.9898770773,1.066579804356827,0.00001495
302473.11112418305,4123734.03365474,1.0665797339810459,0.00001605
302473.1352802668,4123734.077432401,1.0665795713541246,0.00001721
302473.1594363581,4123734.121210058,1.0665795145718022,0.00001848
302473.1835924515,4123734.164987714,1.0665793324558817,0.00001980
302473.20774855313,4123734.208765365,1.0665792433118637,0.00002127
302473.23190465855,4123734.2525430145,1.0665790803136488,0.00002277
302473.2560607712,4123734.2963206596,1.0665789149922382,0.00002448
302473.2802168912,4123734.340098301,1.0665787978044454,0.00002621
302473.30437301623,4123734.3838759395,1.0665784994720684,0.00002816
302473.3285291545,4123734.42765357,1.0665783967707223,0.00003018
302473.35268529697,4123734.471431199,1.066578106743275,0.00003240
302473.37684145273,4123734.515208821,1.066577908690632,0.00003474
302473.4009976167,4123734.5589864375,1.0665776553671988,0.00003726
302473.42515379196,4123734.602764048,1.0665773409461143,0.00003996
302473.44930998125,4123734.6465416513,1.0665771941980178,0.00004281
302473.47346617637,4123734.690319251,1.066576678314916,0.00004593
302473.4976223951,4123734.7340968377,1.0665764939797384,0.00004917
302473.52177862107,4123734.7778744204,1.0665760736851193,0.00005277
302473.54593486583,4123734.8216519924,1.0665757113805334,0.00005646
302473.5700911265,4123734.865429556,1.06657540119352,0.00006061
302473.5942474006,4123734.909207112,1.0665747918574844,0.00006483
302473.61840370216,4123734.9529846534,1.0665745580719055,0.00006961
302473.6425600129,4123734.996762189,1.0665737544799643,0.00007450
302473.66671636014,4123735.0405397047,1.0665734096405406,0.00007995
302473.6908727216,4123735.084317213,1.0665727557307587,0.00008559
302473.71502911235,4123735.128094705,1.066572110008167,0.00009177
302473.7391855312,4123735.171872181,1.0665716313837226,0.00009825
302473.76334197074,4123735.215649646,1.0665705977063966,0.00010525
302473.78749845683,4123735.259427085,1.0665702448346746,0.00011269
302473.81165495666,4123735.3032045164,1.0665689841085915,0.00012062
302473.835811514,4123735.3469819166,1.0665684931318433,0.00012917
302473.8599680909,4123735.3907593056,1.0665673687143362,0.00013816
302473.8841247185,4123735.4345366666,1.066566451204024,0.00014797
302473.9082813858,4123735.478314006,1.0665655083773669,0.00015818
302473.9324380944,4123735.522091322,1.066564067358965,0.00016944
302473.9565948673,4123735.565868603,1.0665633784076736,0.00018103
302473.9807516685,4123735.609645868,1.0665612709753598,0.00019394
302474.0049085653,4123735.6534230807,1.0665606797305476,0.00020710
302474.02906548465,4123735.697200281,1.0665581878096866,0.00022175
302474.0532225173,4123735.7409774186,1.0665571831250529,0.00023655
302474.07737959054,4123735.784754534,1.066554916290945,0.00025287
302474.1015367659,4123735.8285315926,1.0665530394657075,0.00026924
302474.1256940224,4123735.8723086063,1.0665510928212587,0.00000000
302474.14985136455,4123735.9160855734,1.0665481003483013,0.00000000
302474.1740088399,4123735.9598624664,1.0665466946529798,0.00000000
302474.19816637324,4123736.003639328,1.0665424336208833,0.00000000
302474.2223240997,4123736.0474160826,1.0665411197323336,0.00000000
302474.2464818769,4123736.0911928094,1.06653651054652,0.00000000
302474.2706398632,4123736.1349694203,1.0665341193181548,0.00000000
302474.2947979494,4123736.1787459766,1.0665301357746353,0.00000000
302474.3189562136,4123736.222522435,1.0665261069070744,0.00000000
302474.34311465407,4123736.266298795,1.0665232000859735,0.00000000
302474.3672732194,4123736.310075087,1.0665173670084704,0.00000000
302474.3914320467,4123736.353851234,1.0665156520273569,0.00000000
302474.4155909398,4123736.3976273453,1.0665075944916245,0.00000000
302474.4397502001,4123736.4414032535,1.0665054382156405,0.00000000
302474.4639095411,4123736.485179117,1.0664978997527792,0.00000000
302474.4880692247,4123736.528954792,1.0664937129063858,0.00000000
302474.51222908363,4123736.5727303694,1.0664868006740023,0.00000000
302474.5363892517,4123736.616505777,1.0664801393721384,0.00000000
302474.5605497105,4123736.6602810235,1.0664740408713236,0.00000000
302474.58471043524,4123736.7040561237,1.066464386176757,0.00000000
302474.6088715907,4123736.747830986,1.0664593868974759,0.00000000
302474.6330329542,4123736.7916057333,1.0664460797867465,0.00000000
302474.65719491936,4123736.8353801486,1.0664425693117534,0.00000000
302474.68135701574,4123736.8791544917,1.0664247319104783,0.00000000
302474.70551992586,4123736.9229283854,1.06642092843863,0.00000000
302474.72968297015,4123736.966702205,1.066401943761705,0.00000000
302474.75384688034,4123737.0104755466,1.066394943798496,0.00000000
302474.77801106946,4123737.0542487344,1.0663766032207573,0.00000000
302474.80217608745,4123737.0980214644,1.0663652437341715,0.00000000
302474.8263415867,4123737.141793929,1.0663488930662472,0.00000000
302474.8505078132,4123737.1855659923,1.0663320687828788,0.00000000
302474.8746747771,4123737.229337648,1.06631740990562,0.00000000
302474.8988423776,4123737.273108952,1.0662938849461372,0.00000000
302474.92301102827,4123737.3168796767,1.0662813553313994,0.00000000
302474.9471802021,4123737.3606501124,1.066249706700803,0.00000000
302474.97135080525,4123737.404419759,1.0662400131425511,0.00000000
302474.99552178214,4123737.448189199,1.0661984533927857,0.00000000
302475.0196946513,4123737.4919575937,1.066190751246804,0.00000000
302475.04386777966,4123737.5357258455,1.066140629522568,0.00000000
302475.0680431994,4123737.5794928316,1.0661290122452103,0.00000000
302475.0922190389,4123737.623259586,1.0660787940059655,0.00000000
302475.1163971654,4123737.667025077,1.0660586444494558,0.00000000
302475.1405761042,4123737.710790119,1.0660113652785228,0.00000000
302475.16475717473,4123737.7545539835,1.0659810016304445,0.00000000
302475.18893953523,4123737.7983171353,1.0659350616471888,0.00000000
302475.2131239419,4123737.842079156,1.0658924930923706,0.00000000
302475.2373102036,4123737.8858401515,1.0658480017354832,0.00000000
302475.261498417,4123737.929600069,1.0657911179157713,0.00000000
302475.28568914783,4123737.973358594,1.065748580506116,0.00000000
302475.30988170713,4123738.0171161084,1.0656748935848013,0.00000000
302475.3340775624,4123738.0608718004,1.065635004580996,0.00000000
302475.3582750852,4123738.1046265704,1.0655417182736344,0.00000000
302475.38247681264,4123738.148379015,1.0655054782283206,0.00000000
302475.40667999414,4123738.1921306546,1.0653902799993031,0.00000000
302475.43088839744,4123738.2358794054,1.0653591809900087,0.00000000
302475.4550979678,4123738.279627511,1.0652280265604026,0.00000000
302475.47931350593,4123738.323372313,1.06520484670893,0.00000000
302475.5035298094,4123738.367116691,1.065071790776468,0.00000000
302475.5277521861,4123738.410857707,1.0650565690538603,0.00000000
302475.5519749574,4123738.454598504,1.0650565690538603,0.00000000
